reference_time,is_anomaly,usage_end_time,cost,usage_amount,usage_unit,service_type
0.0,0,2024-04-03 07:00:00,0.0,8000.0,bytes,Cloud Pub/Sub
1.0,0,2024-04-03 08:00:00,0.0,12000.0,bytes,Cloud Pub/Sub
2.0,0,2024-04-03 09:00:00,0.0,0.0,,
3.0,0,2024-04-03 10:00:00,0.0,0.0,,
4.0,0,2024-04-03 11:00:00,0.0,0.0,,
5.0,0,2024-04-03 12:00:00,0.0,0.0,,
6.0,0,2024-04-03 13:00:00,0.0,0.0,,
7.0,0,2024-04-03 14:00:00,0.0,6000.0,bytes,Cloud Pub/Sub
8.0,0,2024-04-03 15:00:00,0.0,0.0,,
9.0,0,2024-04-03 16:00:00,0.0,3000.0,bytes,Cloud Pub/Sub
10.0,0,2024-04-03 17:00:00,0.0,0.0,,
11.0,0,2024-04-03 18:00:00,0.0,0.0,,
12.0,0,2024-04-03 19:00:00,0.0,0.0,,
13.0,0,2024-04-03 20:00:00,0.0,0.0,,
14.0,0,2024-04-03 21:00:00,0.0,0.0,,
15.0,0,2024-04-03 22:00:00,0.0,0.0,,
16.0,0,2024-04-03 23:00:00,0.0,0.0,,
17.0,0,2024-04-04 00:00:00,0.0,0.0,,
18.0,0,2024-04-04 01:00:00,0.0,0.0,,
19.0,0,2024-04-04 02:00:00,0.0,0.0,,
20.0,0,2024-04-04 03:00:00,0.0,0.0,,
21.0,0,2024-04-04 04:00:00,0.0,0.0,,
22.0,0,2024-04-04 05:00:00,0.0,0.0,,
23.0,0,2024-04-04 06:00:00,0.0,0.0,,
24.0,0,2024-04-04 07:00:00,0.0,0.0,,
25.0,0,2024-04-04 08:00:00,0.0,0.0,,
26.0,0,2024-04-04 09:00:00,0.0,0.0,,
27.0,0,2024-04-04 10:00:00,0.0,4000.0,bytes,Cloud Pub/Sub
28.0,0,2024-04-04 11:00:00,0.0,0.0,,
29.0,0,2024-04-04 12:00:00,0.0,0.0,,
30.0,0,2024-04-04 13:00:00,0.0,0.0,,
31.0,0,2024-04-04 14:00:00,0.0,6049.0,bytes,Cloud Pub/Sub
32.0,0,2024-04-04 15:00:00,0.0,9532.0,bytes,Cloud Pub/Sub
33.0,0,2024-04-04 16:00:00,0.0,0.0,,
34.0,0,2024-04-04 17:00:00,0.0,0.0,,
35.0,0,2024-04-04 18:00:00,0.0,0.0,,
36.0,0,2024-04-04 19:00:00,0.0,0.0,,
37.0,0,2024-04-04 20:00:00,0.0,0.0,,
38.0,0,2024-04-04 21:00:00,0.0,0.0,,
39.0,0,2024-04-04 22:00:00,0.0,0.0,,
40.0,0,2024-04-04 23:00:00,0.0,0.0,,
41.0,0,2024-04-05 00:00:00,0.0,0.0,,
42.0,0,2024-04-05 01:00:00,0.0,0.0,,
43.0,0,2024-04-05 02:00:00,0.0,0.0,,
44.0,0,2024-04-05 03:00:00,0.0,0.0,,
45.0,0,2024-04-05 04:00:00,0.0,0.0,,
46.0,0,2024-04-05 05:00:00,0.0,0.0,,
47.0,0,2024-04-05 06:00:00,0.0,0.0,,
48.0,0,2024-04-05 07:00:00,0.0,0.0,,
49.0,0,2024-04-05 08:00:00,0.0,1000.0,bytes,Cloud Pub/Sub
50.0,0,2024-04-05 09:00:00,0.0,1000.0,bytes,Cloud Pub/Sub
51.0,0,2024-04-05 10:00:00,0.0,0.0,,
52.0,0,2024-04-05 11:00:00,0.0,0.0,,
53.0,0,2024-04-05 12:00:00,0.0,0.0,,
54.0,0,2024-04-05 13:00:00,0.0,0.0,,
55.0,0,2024-04-05 14:00:00,0.0,0.0,,
56.0,0,2024-04-05 15:00:00,0.0,0.0,,
57.0,0,2024-04-05 16:00:00,0.0,0.0,,
58.0,0,2024-04-05 17:00:00,0.0,0.0,,
59.0,0,2024-04-05 18:00:00,0.0,0.0,,
60.0,0,2024-04-05 19:00:00,0.0,0.0,,
61.0,0,2024-04-05 20:00:00,0.0,0.0,,
62.0,0,2024-04-05 21:00:00,0.0,0.0,,
63.0,0,2024-04-05 22:00:00,0.0,0.0,,
64.0,0,2024-04-05 23:00:00,0.0,0.0,,
65.0,0,2024-04-06 00:00:00,0.0,0.0,,
66.0,0,2024-04-06 01:00:00,0.0,0.0,,
67.0,0,2024-04-06 02:00:00,0.0,0.0,,
68.0,0,2024-04-06 03:00:00,0.0,0.0,,
69.0,0,2024-04-06 04:00:00,0.0,0.0,,
70.0,0,2024-04-06 05:00:00,0.0,0.0,,
71.0,0,2024-04-06 06:00:00,0.0,0.0,,
72.0,0,2024-04-06 07:00:00,0.0,0.0,,
73.0,0,2024-04-06 08:00:00,0.0,0.0,,
74.0,0,2024-04-06 09:00:00,0.0,0.0,,
75.0,0,2024-04-06 10:00:00,0.0,0.0,,
76.0,0,2024-04-06 11:00:00,0.0,0.0,,
77.0,0,2024-04-06 12:00:00,0.0,0.0,,
78.0,0,2024-04-06 13:00:00,0.0,0.0,,
79.0,0,2024-04-06 14:00:00,0.0,0.0,,
80.0,0,2024-04-06 15:00:00,0.0,0.0,,
81.0,0,2024-04-06 16:00:00,0.0,0.0,,
82.0,0,2024-04-06 17:00:00,0.0,0.0,,
83.0,0,2024-04-06 18:00:00,0.0,0.0,,
84.0,0,2024-04-06 19:00:00,0.0,0.0,,
85.0,0,2024-04-06 20:00:00,0.0,0.0,,
86.0,0,2024-04-06 21:00:00,0.0,0.0,,
87.0,0,2024-04-06 22:00:00,0.0,0.0,,
88.0,0,2024-04-06 23:00:00,0.0,0.0,,
89.0,0,2024-04-07 00:00:00,0.0,0.0,,
90.0,0,2024-04-07 01:00:00,0.0,0.0,,
91.0,0,2024-04-07 02:00:00,0.0,0.0,,
92.0,0,2024-04-07 03:00:00,0.0,0.0,,
93.0,0,2024-04-07 04:00:00,0.0,0.0,,
94.0,0,2024-04-07 05:00:00,0.0,0.0,,
95.0,0,2024-04-07 06:00:00,0.0,0.0,,
96.0,0,2024-04-07 07:00:00,0.0,0.0,,
97.0,0,2024-04-07 08:00:00,0.0,0.0,,
98.0,0,2024-04-07 09:00:00,0.0,0.0,,
99.0,0,2024-04-07 10:00:00,0.0,0.0,,
100.0,0,2024-04-07 11:00:00,0.0,0.0,,
101.0,0,2024-04-07 12:00:00,0.0,0.0,,
102.0,0,2024-04-07 13:00:00,0.0,0.0,,
103.0,0,2024-04-07 14:00:00,0.0,0.0,,
104.0,0,2024-04-07 15:00:00,0.0,0.0,,
105.0,0,2024-04-07 16:00:00,0.0,0.0,,
106.0,0,2024-04-07 17:00:00,0.0,0.0,,
107.0,0,2024-04-07 18:00:00,0.0,0.0,,
108.0,0,2024-04-07 19:00:00,0.0,0.0,,
109.0,0,2024-04-07 20:00:00,0.0,0.0,,
110.0,0,2024-04-07 21:00:00,0.0,0.0,,
111.0,0,2024-04-07 22:00:00,0.0,0.0,,
112.0,0,2024-04-07 23:00:00,0.0,0.0,,
113.0,0,2024-04-08 00:00:00,0.0,0.0,,
114.0,0,2024-04-08 01:00:00,0.0,0.0,,
115.0,0,2024-04-08 02:00:00,0.0,0.0,,
116.0,0,2024-04-08 03:00:00,0.0,0.0,,
117.0,0,2024-04-08 04:00:00,0.0,0.0,,
118.0,0,2024-04-08 05:00:00,0.0,0.0,,
119.0,0,2024-04-08 06:00:00,0.0,0.0,,
120.0,0,2024-04-08 07:00:00,0.0,0.0,,
121.0,0,2024-04-08 08:00:00,0.0,1000.0,bytes,Cloud Pub/Sub
122.0,0,2024-04-08 09:00:00,0.0,0.0,,
123.0,0,2024-04-08 10:00:00,0.0,0.0,,
124.0,0,2024-04-08 11:00:00,0.0,0.0,,
125.0,0,2024-04-08 12:00:00,0.0,0.0,,
126.0,0,2024-04-08 13:00:00,0.0,0.0,,
127.0,0,2024-04-08 14:00:00,0.0,0.0,,
128.0,0,2024-04-08 15:00:00,0.0,0.0,,
129.0,0,2024-04-08 16:00:00,0.0,0.0,,
130.0,0,2024-04-08 17:00:00,0.0,0.0,,
131.0,0,2024-04-08 18:00:00,0.0,0.0,,
132.0,0,2024-04-08 19:00:00,0.0,0.0,,
133.0,0,2024-04-08 20:00:00,0.0,0.0,,
134.0,0,2024-04-08 21:00:00,0.0,0.0,,
135.0,0,2024-04-08 22:00:00,0.0,0.0,,
136.0,0,2024-04-08 23:00:00,0.0,0.0,,
137.0,0,2024-04-09 00:00:00,0.0,0.0,,
138.0,0,2024-04-09 01:00:00,0.0,0.0,,
139.0,0,2024-04-09 02:00:00,0.0,0.0,,
140.0,0,2024-04-09 03:00:00,0.0,0.0,,
141.0,0,2024-04-09 04:00:00,0.0,0.0,,
142.0,0,2024-04-09 05:00:00,0.0,0.0,,
143.0,0,2024-04-09 06:00:00,0.0,0.0,,
144.0,0,2024-04-09 07:00:00,0.0,0.0,,
145.0,0,2024-04-09 08:00:00,0.0,0.0,,
146.0,0,2024-04-09 09:00:00,0.0,0.0,,
147.0,0,2024-04-09 10:00:00,0.0,0.0,,
148.0,0,2024-04-09 11:00:00,0.0,2000.0,bytes,Cloud Pub/Sub
149.0,0,2024-04-09 12:00:00,0.0,1000.0,bytes,Cloud Pub/Sub
150.0,0,2024-04-09 13:00:00,0.0,0.0,,
151.0,0,2024-04-09 14:00:00,0.0,0.0,,
152.0,0,2024-04-09 15:00:00,0.0,0.0,,
153.0,0,2024-04-09 16:00:00,0.0,0.0,,
154.0,0,2024-04-09 17:00:00,0.0,0.0,,
155.0,0,2024-04-09 18:00:00,0.0,0.0,,
156.0,0,2024-04-09 19:00:00,0.0,0.0,,
157.0,0,2024-04-09 20:00:00,0.0,0.0,,
158.0,0,2024-04-09 21:00:00,0.0,0.0,,
159.0,0,2024-04-09 22:00:00,0.0,0.0,,
160.0,0,2024-04-09 23:00:00,0.0,0.0,,
161.0,0,2024-04-10 00:00:00,0.0,0.0,,
162.0,0,2024-04-10 01:00:00,0.0,0.0,,
163.0,0,2024-04-10 02:00:00,0.0,0.0,,
164.0,0,2024-04-10 03:00:00,0.0,0.0,,
165.0,0,2024-04-10 04:00:00,0.0,0.0,,
166.0,0,2024-04-10 05:00:00,0.0,0.0,,
167.0,0,2024-04-10 06:00:00,0.0,0.0,,
168.0,0,2024-04-10 07:00:00,0.0,0.0,,
169.0,0,2024-04-10 08:00:00,0.0,0.0,,
170.0,0,2024-04-10 09:00:00,0.0,0.0,,
171.0,0,2024-04-10 10:00:00,0.0,0.0,,
172.0,0,2024-04-10 11:00:00,0.0,0.0,,
173.0,0,2024-04-10 12:00:00,0.0,0.0,,
174.0,0,2024-04-10 13:00:00,0.0,0.0,,
175.0,0,2024-04-10 14:00:00,0.0,0.0,,
176.0,0,2024-04-10 15:00:00,0.0,0.0,,
177.0,0,2024-04-10 16:00:00,0.0,0.0,,
178.0,0,2024-04-10 17:00:00,0.0,0.0,,
179.0,0,2024-04-10 18:00:00,0.0,0.0,,
180.0,0,2024-04-10 19:00:00,0.0,0.0,,
181.0,0,2024-04-10 20:00:00,0.0,0.0,,
182.0,0,2024-04-10 21:00:00,0.0,0.0,,
183.0,0,2024-04-10 22:00:00,0.0,0.0,,
184.0,0,2024-04-10 23:00:00,0.0,0.0,,
185.0,0,2024-04-11 00:00:00,0.0,0.0,,
186.0,0,2024-04-11 01:00:00,0.0,0.0,,
187.0,0,2024-04-11 02:00:00,0.0,0.0,,
188.0,0,2024-04-11 03:00:00,0.0,0.0,,
189.0,0,2024-04-11 04:00:00,0.0,0.0,,
190.0,0,2024-04-11 05:00:00,0.0,0.0,,
191.0,0,2024-04-11 06:00:00,0.0,0.0,,
192.0,0,2024-04-11 07:00:00,0.0,0.0,,
193.0,0,2024-04-11 08:00:00,0.0,0.0,,
194.0,0,2024-04-11 09:00:00,0.0,0.0,,
195.0,0,2024-04-11 10:00:00,0.0,0.0,,
196.0,0,2024-04-11 11:00:00,0.0,0.0,,
197.0,0,2024-04-11 12:00:00,0.0,0.0,,
198.0,0,2024-04-11 13:00:00,0.0,0.0,,
199.0,0,2024-04-11 14:00:00,0.0,0.0,,
200.0,0,2024-04-11 15:00:00,0.0,0.0,,
201.0,0,2024-04-11 16:00:00,0.0,0.0,,
202.0,0,2024-04-11 17:00:00,0.0,0.0,,
203.0,0,2024-04-11 18:00:00,0.0,0.0,,
204.0,0,2024-04-11 19:00:00,0.0,0.0,,
205.0,0,2024-04-11 20:00:00,0.0,0.0,,
206.0,0,2024-04-11 21:00:00,0.0,0.0,,
207.0,0,2024-04-11 22:00:00,0.0,0.0,,
208.0,0,2024-04-11 23:00:00,0.0,0.0,,
209.0,0,2024-04-12 00:00:00,0.0,0.0,,
210.0,0,2024-04-12 01:00:00,0.0,0.0,,
211.0,0,2024-04-12 02:00:00,0.0,0.0,,
212.0,0,2024-04-12 03:00:00,0.0,0.0,,
213.0,0,2024-04-12 04:00:00,0.0,0.0,,
214.0,0,2024-04-12 05:00:00,0.0,0.0,,
215.0,0,2024-04-12 06:00:00,0.0,0.0,,
216.0,0,2024-04-12 07:00:00,0.0,0.0,,
217.0,0,2024-04-12 08:00:00,0.0,0.0,,
218.0,0,2024-04-12 09:00:00,0.0,0.0,,
219.0,0,2024-04-12 10:00:00,0.0,0.0,,
220.0,0,2024-04-12 11:00:00,0.0,0.0,,
221.0,0,2024-04-12 12:00:00,0.0,0.0,,
222.0,0,2024-04-12 13:00:00,0.0,0.0,,
223.0,0,2024-04-12 14:00:00,0.0,0.0,,
224.0,0,2024-04-12 15:00:00,0.0,0.0,,
225.0,0,2024-04-12 16:00:00,0.0,0.0,,
226.0,0,2024-04-12 17:00:00,0.0,0.0,,
227.0,0,2024-04-12 18:00:00,0.0,0.0,,
228.0,0,2024-04-12 19:00:00,0.0,0.0,,
229.0,0,2024-04-12 20:00:00,0.0,0.0,,
230.0,0,2024-04-12 21:00:00,0.0,0.0,,
231.0,0,2024-04-12 22:00:00,0.0,0.0,,
232.0,0,2024-04-12 23:00:00,0.0,0.0,,
233.0,0,2024-04-13 00:00:00,0.0,0.0,,
234.0,0,2024-04-13 01:00:00,0.0,0.0,,
235.0,0,2024-04-13 02:00:00,0.0,0.0,,
236.0,0,2024-04-13 03:00:00,0.0,0.0,,
237.0,0,2024-04-13 04:00:00,0.0,0.0,,
238.0,0,2024-04-13 05:00:00,0.0,0.0,,
239.0,0,2024-04-13 06:00:00,0.0,0.0,,
240.0,0,2024-04-13 07:00:00,0.0,0.0,,
241.0,0,2024-04-13 08:00:00,0.0,0.0,,
242.0,0,2024-04-13 09:00:00,0.0,0.0,,
243.0,0,2024-04-13 10:00:00,0.0,0.0,,
244.0,0,2024-04-13 11:00:00,0.0,0.0,,
245.0,0,2024-04-13 12:00:00,0.0,0.0,,
246.0,0,2024-04-13 13:00:00,0.0,0.0,,
247.0,0,2024-04-13 14:00:00,0.0,0.0,,
248.0,0,2024-04-13 15:00:00,0.0,0.0,,
249.0,0,2024-04-13 16:00:00,0.0,0.0,,
250.0,0,2024-04-13 17:00:00,0.0,0.0,,
251.0,0,2024-04-13 18:00:00,0.0,0.0,,
252.0,0,2024-04-13 19:00:00,0.0,0.0,,
253.0,0,2024-04-13 20:00:00,0.0,0.0,,
254.0,0,2024-04-13 21:00:00,0.0,0.0,,
255.0,0,2024-04-13 22:00:00,0.0,0.0,,
256.0,0,2024-04-13 23:00:00,0.0,0.0,,
257.0,0,2024-04-14 00:00:00,0.0,0.0,,
258.0,0,2024-04-14 01:00:00,0.0,0.0,,
259.0,0,2024-04-14 02:00:00,0.0,0.0,,
260.0,0,2024-04-14 03:00:00,0.0,0.0,,
261.0,0,2024-04-14 04:00:00,0.0,0.0,,
262.0,0,2024-04-14 05:00:00,0.0,0.0,,
263.0,0,2024-04-14 06:00:00,0.0,0.0,,
264.0,0,2024-04-14 07:00:00,0.0,0.0,,
265.0,0,2024-04-14 08:00:00,0.0,0.0,,
266.0,0,2024-04-14 09:00:00,0.0,0.0,,
267.0,0,2024-04-14 10:00:00,0.0,0.0,,
268.0,0,2024-04-14 11:00:00,0.0,0.0,,
269.0,0,2024-04-14 12:00:00,0.0,0.0,,
270.0,0,2024-04-14 13:00:00,0.0,0.0,,
271.0,0,2024-04-14 14:00:00,0.0,0.0,,
272.0,0,2024-04-14 15:00:00,0.0,0.0,,
273.0,0,2024-04-14 16:00:00,0.0,0.0,,
274.0,0,2024-04-14 17:00:00,0.0,0.0,,
275.0,0,2024-04-14 18:00:00,0.0,0.0,,
276.0,0,2024-04-14 19:00:00,0.0,0.0,,
277.0,0,2024-04-14 20:00:00,0.0,0.0,,
278.0,0,2024-04-14 21:00:00,0.0,0.0,,
279.0,0,2024-04-14 22:00:00,0.0,0.0,,
280.0,0,2024-04-14 23:00:00,0.0,0.0,,
281.0,0,2024-04-15 00:00:00,0.0,0.0,,
282.0,0,2024-04-15 01:00:00,0.0,0.0,,
283.0,0,2024-04-15 02:00:00,0.0,0.0,,
284.0,0,2024-04-15 03:00:00,0.0,0.0,,
285.0,0,2024-04-15 04:00:00,0.0,0.0,,
286.0,0,2024-04-15 05:00:00,0.0,0.0,,
287.0,0,2024-04-15 06:00:00,0.0,0.0,,
288.0,0,2024-04-15 07:00:00,0.0,0.0,,
289.0,0,2024-04-15 08:00:00,0.0,0.0,,
290.0,0,2024-04-15 09:00:00,0.0,0.0,,
291.0,0,2024-04-15 10:00:00,0.0,0.0,,
292.0,0,2024-04-15 11:00:00,0.0,0.0,,
293.0,0,2024-04-15 12:00:00,0.0,0.0,,
294.0,0,2024-04-15 13:00:00,0.0,0.0,,
295.0,0,2024-04-15 14:00:00,0.0,0.0,,
296.0,0,2024-04-15 15:00:00,0.0,0.0,,
297.0,0,2024-04-15 16:00:00,0.0,0.0,,
298.0,0,2024-04-15 17:00:00,0.0,0.0,,
299.0,0,2024-04-15 18:00:00,0.0,0.0,,
300.0,0,2024-04-15 19:00:00,0.0,0.0,,
301.0,0,2024-04-15 20:00:00,0.0,0.0,,
302.0,0,2024-04-15 21:00:00,0.0,0.0,,
303.0,0,2024-04-15 22:00:00,0.0,0.0,,
304.0,0,2024-04-15 23:00:00,0.0,0.0,,
305.0,0,2024-04-16 00:00:00,0.0,0.0,,
306.0,0,2024-04-16 01:00:00,0.0,0.0,,
307.0,0,2024-04-16 02:00:00,0.0,0.0,,
308.0,0,2024-04-16 03:00:00,0.0,0.0,,
309.0,0,2024-04-16 04:00:00,0.0,0.0,,
310.0,0,2024-04-16 05:00:00,0.0,0.0,,
311.0,0,2024-04-16 06:00:00,0.0,0.0,,
312.0,0,2024-04-16 07:00:00,0.0,0.0,,
313.0,0,2024-04-16 08:00:00,0.0,0.0,,
314.0,0,2024-04-16 09:00:00,0.0,0.0,,
315.0,0,2024-04-16 10:00:00,0.0,0.0,,
316.0,0,2024-04-16 11:00:00,0.0,0.0,,
317.0,0,2024-04-16 12:00:00,0.0,0.0,,
318.0,0,2024-04-16 13:00:00,0.0,0.0,,
319.0,0,2024-04-16 14:00:00,0.0,1000.0,bytes,Cloud Pub/Sub
320.0,0,2024-04-16 15:00:00,0.0,0.0,,
321.0,0,2024-04-16 16:00:00,0.0,0.0,,
322.0,0,2024-04-16 17:00:00,0.0,0.0,,
323.0,0,2024-04-16 18:00:00,0.0,0.0,,
324.0,0,2024-04-16 19:00:00,0.0,0.0,,
325.0,0,2024-04-16 20:00:00,0.0,0.0,,
326.0,0,2024-04-16 21:00:00,0.0,0.0,,
327.0,0,2024-04-16 22:00:00,0.0,0.0,,
328.0,0,2024-04-16 23:00:00,0.0,0.0,,
329.0,0,2024-04-17 00:00:00,0.0,0.0,,
330.0,0,2024-04-17 01:00:00,0.0,0.0,,
331.0,0,2024-04-17 02:00:00,0.0,0.0,,
332.0,0,2024-04-17 03:00:00,0.0,0.0,,
333.0,0,2024-04-17 04:00:00,0.0,0.0,,
334.0,0,2024-04-17 05:00:00,0.0,0.0,,
335.0,0,2024-04-17 06:00:00,0.0,0.0,,
336.0,0,2024-04-17 07:00:00,0.0,0.0,,
337.0,0,2024-04-17 08:00:00,0.0,0.0,,
338.0,0,2024-04-17 09:00:00,0.0,1000.0,bytes,Cloud Pub/Sub
339.0,0,2024-04-17 10:00:00,0.0,0.0,,
340.0,0,2024-04-17 11:00:00,0.0,1000.0,bytes,Cloud Pub/Sub
341.0,0,2024-04-17 12:00:00,0.0,0.0,,
342.0,0,2024-04-17 13:00:00,0.0,1000.0,bytes,Cloud Pub/Sub
343.0,0,2024-04-17 14:00:00,0.0,0.0,,
344.0,0,2024-04-17 15:00:00,0.0,0.0,,
345.0,0,2024-04-17 16:00:00,0.0,1000.0,bytes,Cloud Pub/Sub
346.0,0,2024-04-17 17:00:00,0.0,0.0,,
347.0,0,2024-04-17 18:00:00,0.0,0.0,,
348.0,0,2024-04-17 19:00:00,0.0,0.0,,
349.0,0,2024-04-17 20:00:00,0.0,0.0,,
350.0,0,2024-04-17 21:00:00,0.0,0.0,,
351.0,0,2024-04-17 22:00:00,0.0,0.0,,
352.0,0,2024-04-17 23:00:00,0.0,0.0,,
353.0,0,2024-04-18 00:00:00,0.0,0.0,,
354.0,0,2024-04-18 01:00:00,0.0,0.0,,
355.0,0,2024-04-18 02:00:00,0.0,0.0,,
356.0,0,2024-04-18 03:00:00,0.0,0.0,,
357.0,0,2024-04-18 04:00:00,0.0,0.0,,
358.0,0,2024-04-18 05:00:00,0.0,0.0,,
359.0,0,2024-04-18 06:00:00,0.0,0.0,,
360.0,0,2024-04-18 07:00:00,0.0,0.0,,
361.0,0,2024-04-18 08:00:00,0.0,0.0,,
362.0,0,2024-04-18 09:00:00,0.0,3000.0,bytes,Cloud Pub/Sub
363.0,0,2024-04-18 10:00:00,0.0,1000.0,bytes,Cloud Pub/Sub
364.0,0,2024-04-18 11:00:00,0.0,0.0,,
365.0,0,2024-04-18 12:00:00,0.0,0.0,,
366.0,0,2024-04-18 13:00:00,0.0,0.0,,
367.0,0,2024-04-18 14:00:00,0.0,0.0,,
368.0,0,2024-04-18 15:00:00,0.0,0.0,,
369.0,0,2024-04-18 16:00:00,0.0,0.0,,
370.0,0,2024-04-18 17:00:00,0.0,0.0,,
371.0,0,2024-04-18 18:00:00,0.0,0.0,,
372.0,0,2024-04-18 19:00:00,0.0,0.0,,
373.0,0,2024-04-18 20:00:00,0.0,0.0,,
374.0,0,2024-04-18 21:00:00,0.0,0.0,,
375.0,0,2024-04-18 22:00:00,0.0,0.0,,
376.0,0,2024-04-18 23:00:00,0.0,0.0,,
377.0,0,2024-04-19 00:00:00,0.0,0.0,,
378.0,0,2024-04-19 01:00:00,0.0,0.0,,
379.0,0,2024-04-19 02:00:00,0.0,0.0,,
380.0,0,2024-04-19 03:00:00,0.0,0.0,,
381.0,0,2024-04-19 04:00:00,0.0,0.0,,
382.0,0,2024-04-19 05:00:00,0.0,0.0,,
383.0,0,2024-04-19 06:00:00,0.0,0.0,,
384.0,0,2024-04-19 07:00:00,0.0,0.0,,
385.0,0,2024-04-19 08:00:00,0.0,0.0,,
386.0,0,2024-04-19 09:00:00,0.0,0.0,,
387.0,0,2024-04-19 10:00:00,0.0,3000.0,bytes,Cloud Pub/Sub
388.0,0,2024-04-19 11:00:00,0.0,9000.0,bytes,Cloud Pub/Sub
389.0,0,2024-04-19 12:00:00,0.0,6000.0,bytes,Cloud Pub/Sub
390.0,0,2024-04-19 13:00:00,0.0,0.0,,
391.0,0,2024-04-19 14:00:00,0.0,0.0,,
392.0,0,2024-04-19 15:00:00,0.0,0.0,,
393.0,0,2024-04-19 16:00:00,0.0,0.0,,
394.0,0,2024-04-19 17:00:00,0.0,0.0,,
395.0,0,2024-04-19 18:00:00,0.0,0.0,,
396.0,0,2024-04-19 19:00:00,0.0,0.0,,
397.0,0,2024-04-19 20:00:00,0.0,0.0,,
398.0,0,2024-04-19 21:00:00,0.0,0.0,,
399.0,0,2024-04-19 22:00:00,0.0,0.0,,
400.0,0,2024-04-19 23:00:00,0.0,0.0,,
401.0,0,2024-04-20 00:00:00,0.0,0.0,,
402.0,0,2024-04-20 01:00:00,0.0,0.0,,
403.0,0,2024-04-20 02:00:00,0.0,0.0,,
404.0,0,2024-04-20 03:00:00,0.0,0.0,,
405.0,0,2024-04-20 04:00:00,0.0,0.0,,
406.0,0,2024-04-20 05:00:00,0.0,0.0,,
407.0,0,2024-04-20 06:00:00,0.0,0.0,,
408.0,0,2024-04-20 07:00:00,0.0,0.0,,
409.0,0,2024-04-20 08:00:00,0.0,0.0,,
410.0,0,2024-04-20 09:00:00,0.0,0.0,,
411.0,0,2024-04-20 10:00:00,0.0,0.0,,
412.0,0,2024-04-20 11:00:00,0.0,0.0,,
413.0,0,2024-04-20 12:00:00,0.0,0.0,,
414.0,0,2024-04-20 13:00:00,0.0,0.0,,
415.0,0,2024-04-20 14:00:00,0.0,0.0,,
416.0,0,2024-04-20 15:00:00,0.0,0.0,,
417.0,0,2024-04-20 16:00:00,0.0,0.0,,
418.0,0,2024-04-20 17:00:00,0.0,0.0,,
419.0,0,2024-04-20 18:00:00,0.0,0.0,,
420.0,0,2024-04-20 19:00:00,0.0,0.0,,
421.0,0,2024-04-20 20:00:00,0.0,0.0,,
422.0,0,2024-04-20 21:00:00,0.0,0.0,,
423.0,0,2024-04-20 22:00:00,0.0,0.0,,
424.0,0,2024-04-20 23:00:00,0.0,0.0,,
425.0,0,2024-04-21 00:00:00,0.0,0.0,,
426.0,0,2024-04-21 01:00:00,0.0,0.0,,
427.0,0,2024-04-21 02:00:00,0.0,0.0,,
428.0,0,2024-04-21 03:00:00,0.0,0.0,,
429.0,0,2024-04-21 04:00:00,0.0,0.0,,
430.0,0,2024-04-21 05:00:00,0.0,0.0,,
431.0,0,2024-04-21 06:00:00,0.0,0.0,,
432.0,0,2024-04-21 07:00:00,0.0,0.0,,
433.0,0,2024-04-21 08:00:00,0.0,0.0,,
434.0,0,2024-04-21 09:00:00,0.0,0.0,,
435.0,0,2024-04-21 10:00:00,0.0,0.0,,
436.0,0,2024-04-21 11:00:00,0.0,0.0,,
437.0,0,2024-04-21 12:00:00,0.0,0.0,,
438.0,0,2024-04-21 13:00:00,0.0,0.0,,
439.0,0,2024-04-21 14:00:00,0.0,0.0,,
440.0,0,2024-04-21 15:00:00,0.0,0.0,,
441.0,0,2024-04-21 16:00:00,0.0,0.0,,
442.0,0,2024-04-21 17:00:00,0.0,0.0,,
443.0,0,2024-04-21 18:00:00,0.0,0.0,,
444.0,0,2024-04-21 19:00:00,0.0,0.0,,
445.0,0,2024-04-21 20:00:00,0.0,0.0,,
446.0,0,2024-04-21 21:00:00,0.0,0.0,,
447.0,0,2024-04-21 22:00:00,0.0,0.0,,
448.0,0,2024-04-21 23:00:00,0.0,0.0,,
449.0,0,2024-04-22 00:00:00,0.0,0.0,,
450.0,0,2024-04-22 01:00:00,0.0,0.0,,
451.0,0,2024-04-22 02:00:00,0.0,0.0,,
452.0,0,2024-04-22 03:00:00,0.0,0.0,,
453.0,0,2024-04-22 04:00:00,0.0,0.0,,
454.0,0,2024-04-22 05:00:00,0.0,0.0,,
455.0,0,2024-04-22 06:00:00,0.0,0.0,,
456.0,0,2024-04-22 07:00:00,0.0,0.0,,
457.0,0,2024-04-22 08:00:00,0.0,0.0,,
458.0,0,2024-04-22 09:00:00,0.0,5000.0,bytes,Cloud Pub/Sub
459.0,0,2024-04-22 10:00:00,0.0,0.0,,
460.0,0,2024-04-22 11:00:00,0.0,0.0,,
461.0,0,2024-04-22 12:00:00,0.0,0.0,,
462.0,0,2024-04-22 13:00:00,0.0,1000.0,bytes,Cloud Pub/Sub
463.0,0,2024-04-22 14:00:00,0.0,0.0,,
464.0,0,2024-04-22 15:00:00,0.0,0.0,,
465.0,0,2024-04-22 16:00:00,0.0,0.0,,
466.0,0,2024-04-22 17:00:00,0.0,0.0,,
467.0,0,2024-04-22 18:00:00,0.0,0.0,,
468.0,0,2024-04-22 19:00:00,0.0,0.0,,
469.0,0,2024-04-22 20:00:00,0.0,0.0,,
470.0,0,2024-04-22 21:00:00,0.0,0.0,,
471.0,0,2024-04-22 22:00:00,0.0,0.0,,
472.0,0,2024-04-22 23:00:00,0.0,0.0,,
473.0,0,2024-04-23 00:00:00,0.0,0.0,,
474.0,0,2024-04-23 01:00:00,0.0,0.0,,
475.0,0,2024-04-23 02:00:00,0.0,0.0,,
476.0,0,2024-04-23 03:00:00,0.0,0.0,,
477.0,0,2024-04-23 04:00:00,0.0,0.0,,
478.0,0,2024-04-23 05:00:00,0.0,0.0,,
479.0,0,2024-04-23 06:00:00,0.0,0.0,,
480.0,0,2024-04-23 07:00:00,0.0,0.0,,
481.0,0,2024-04-23 08:00:00,0.0,0.0,,
482.0,0,2024-04-23 09:00:00,0.0,0.0,,
483.0,0,2024-04-23 10:00:00,0.0,0.0,,
484.0,0,2024-04-23 11:00:00,0.0,0.0,,
485.0,0,2024-04-23 12:00:00,0.0,0.0,,
486.0,0,2024-04-23 13:00:00,0.0,0.0,,
487.0,0,2024-04-23 14:00:00,0.0,0.0,,
488.0,0,2024-04-23 15:00:00,0.0,0.0,,
489.0,0,2024-04-23 16:00:00,0.0,0.0,,
490.0,0,2024-04-23 17:00:00,0.0,0.0,,
491.0,0,2024-04-23 18:00:00,0.0,0.0,,
492.0,0,2024-04-23 19:00:00,0.0,0.0,,
493.0,0,2024-04-23 20:00:00,0.0,0.0,,
494.0,0,2024-04-23 21:00:00,0.0,0.0,,
495.0,0,2024-04-23 22:00:00,0.0,0.0,,
496.0,0,2024-04-23 23:00:00,0.0,0.0,,
497.0,0,2024-04-24 00:00:00,0.0,0.0,,
498.0,0,2024-04-24 01:00:00,0.0,0.0,,
499.0,0,2024-04-24 02:00:00,0.0,0.0,,
500.0,0,2024-04-24 03:00:00,0.0,0.0,,
501.0,0,2024-04-24 04:00:00,0.0,0.0,,
502.0,0,2024-04-24 05:00:00,0.0,0.0,,
503.0,0,2024-04-24 06:00:00,0.0,0.0,,
504.0,0,2024-04-24 07:00:00,0.0,0.0,,
505.0,0,2024-04-24 08:00:00,0.0,1000.0,bytes,Cloud Pub/Sub
506.0,0,2024-04-24 09:00:00,0.0,8000.0,bytes,Cloud Pub/Sub
507.0,0,2024-04-24 10:00:00,0.0,2045.0,bytes,Cloud Pub/Sub
508.0,0,2024-04-24 11:00:00,0.0,0.0,,
509.0,0,2024-04-24 12:00:00,0.0,0.0,,
510.0,0,2024-04-24 13:00:00,0.0,0.0,,
511.0,0,2024-04-24 14:00:00,0.0,0.0,,
512.0,0,2024-04-24 15:00:00,0.0,0.0,,
513.0,0,2024-04-24 16:00:00,0.0,0.0,,
514.0,0,2024-04-24 17:00:00,0.0,0.0,,
515.0,0,2024-04-24 18:00:00,0.0,0.0,,
516.0,0,2024-04-24 19:00:00,0.0,0.0,,
517.0,0,2024-04-24 20:00:00,0.0,0.0,,
518.0,0,2024-04-24 21:00:00,0.0,0.0,,
519.0,0,2024-04-24 22:00:00,0.0,0.0,,
520.0,0,2024-04-24 23:00:00,0.0,0.0,,
521.0,0,2024-04-25 00:00:00,0.0,0.0,,
522.0,0,2024-04-25 01:00:00,0.0,0.0,,
523.0,0,2024-04-25 02:00:00,0.0,0.0,,
524.0,0,2024-04-25 03:00:00,0.0,3000.0,bytes,Cloud Pub/Sub
525.0,0,2024-04-25 04:00:00,0.0,0.0,,
526.0,0,2024-04-25 05:00:00,0.0,0.0,,
527.0,0,2024-04-25 06:00:00,0.0,0.0,,
528.0,0,2024-04-25 07:00:00,0.0,0.0,,
529.0,0,2024-04-25 08:00:00,0.0,9504.0,bytes,Cloud Pub/Sub
530.0,0,2024-04-25 09:00:00,0.0,3000.0,bytes,Cloud Pub/Sub
531.0,0,2024-04-25 10:00:00,0.0,3000.0,bytes,Cloud Pub/Sub
532.0,0,2024-04-25 11:00:00,0.0,6360.0,bytes,Cloud Pub/Sub
533.0,0,2024-04-25 12:00:00,0.0,9360.0,bytes,Cloud Pub/Sub
534.0,0,2024-04-25 13:00:00,0.0,0.0,,
535.0,0,2024-04-25 14:00:00,0.0,0.0,,
536.0,0,2024-04-25 15:00:00,0.0,0.0,,
537.0,0,2024-04-25 16:00:00,0.0,0.0,,
538.0,0,2024-04-25 17:00:00,0.0,0.0,,
539.0,0,2024-04-25 18:00:00,0.0,0.0,,
540.0,0,2024-04-25 19:00:00,0.0,0.0,,
541.0,0,2024-04-25 20:00:00,0.0,0.0,,
542.0,0,2024-04-25 21:00:00,0.0,0.0,,
543.0,0,2024-04-25 22:00:00,0.0,0.0,,
544.0,0,2024-04-25 23:00:00,0.0,0.0,,
545.0,0,2024-04-26 00:00:00,0.0,0.0,,
546.0,0,2024-04-26 01:00:00,0.0,0.0,,
547.0,0,2024-04-26 02:00:00,0.0,0.0,,
548.0,0,2024-04-26 03:00:00,0.0,0.0,,
549.0,0,2024-04-26 04:00:00,0.0,0.0,,
550.0,0,2024-04-26 05:00:00,0.0,0.0,,
551.0,0,2024-04-26 06:00:00,0.0,0.0,,
552.0,0,2024-04-26 07:00:00,0.0,0.0,,
553.0,0,2024-04-26 08:00:00,0.0,0.0,,
554.0,0,2024-04-26 09:00:00,0.0,0.0,,
555.0,0,2024-04-26 10:00:00,0.0,1000.0,bytes,Cloud Pub/Sub
556.0,0,2024-04-26 11:00:00,0.0,0.0,,
557.0,0,2024-04-26 12:00:00,0.0,0.0,,
558.0,0,2024-04-26 13:00:00,0.0,0.0,,
559.0,0,2024-04-26 14:00:00,0.0,0.0,,
560.0,0,2024-04-26 15:00:00,0.0,0.0,,
561.0,0,2024-04-26 16:00:00,0.0,0.0,,
562.0,0,2024-04-26 17:00:00,0.0,0.0,,
563.0,0,2024-04-26 18:00:00,0.0,0.0,,
564.0,0,2024-04-26 19:00:00,0.0,0.0,,
565.0,0,2024-04-26 20:00:00,0.0,0.0,,
566.0,0,2024-04-26 21:00:00,0.0,0.0,,
567.0,0,2024-04-26 22:00:00,0.0,0.0,,
568.0,0,2024-04-26 23:00:00,0.0,0.0,,
569.0,0,2024-04-27 00:00:00,0.0,0.0,,
570.0,0,2024-04-27 01:00:00,0.0,0.0,,
571.0,0,2024-04-27 02:00:00,0.0,0.0,,
572.0,0,2024-04-27 03:00:00,0.0,0.0,,
573.0,0,2024-04-27 04:00:00,0.0,0.0,,
574.0,0,2024-04-27 05:00:00,0.0,0.0,,
575.0,0,2024-04-27 06:00:00,0.0,0.0,,
576.0,0,2024-04-27 07:00:00,0.0,0.0,,
577.0,0,2024-04-27 08:00:00,0.0,0.0,,
578.0,0,2024-04-27 09:00:00,0.0,0.0,,
579.0,0,2024-04-27 10:00:00,0.0,0.0,,
580.0,0,2024-04-27 11:00:00,0.0,0.0,,
581.0,0,2024-04-27 12:00:00,0.0,0.0,,
582.0,0,2024-04-27 13:00:00,0.0,0.0,,
583.0,0,2024-04-27 14:00:00,0.0,0.0,,
584.0,0,2024-04-27 15:00:00,0.0,0.0,,
585.0,0,2024-04-27 16:00:00,0.0,0.0,,
586.0,0,2024-04-27 17:00:00,0.0,0.0,,
587.0,0,2024-04-27 18:00:00,0.0,0.0,,
588.0,0,2024-04-27 19:00:00,0.0,0.0,,
589.0,0,2024-04-27 20:00:00,0.0,0.0,,
590.0,0,2024-04-27 21:00:00,0.0,0.0,,
591.0,0,2024-04-27 22:00:00,0.0,0.0,,
592.0,0,2024-04-27 23:00:00,0.0,0.0,,
593.0,0,2024-04-28 00:00:00,0.0,0.0,,
594.0,0,2024-04-28 01:00:00,0.0,0.0,,
595.0,0,2024-04-28 02:00:00,0.0,0.0,,
596.0,0,2024-04-28 03:00:00,0.0,0.0,,
597.0,0,2024-04-28 04:00:00,0.0,0.0,,
598.0,0,2024-04-28 05:00:00,0.0,0.0,,
599.0,0,2024-04-28 06:00:00,0.0,0.0,,
600.0,0,2024-04-28 07:00:00,0.0,0.0,,
601.0,0,2024-04-28 08:00:00,0.0,0.0,,
602.0,0,2024-04-28 09:00:00,0.0,0.0,,
603.0,0,2024-04-28 10:00:00,0.0,0.0,,
604.0,0,2024-04-28 11:00:00,0.0,0.0,,
605.0,0,2024-04-28 12:00:00,0.0,0.0,,
606.0,0,2024-04-28 13:00:00,0.0,0.0,,
607.0,0,2024-04-28 14:00:00,0.0,0.0,,
608.0,0,2024-04-28 15:00:00,0.0,0.0,,
609.0,0,2024-04-28 16:00:00,0.0,0.0,,
610.0,0,2024-04-28 17:00:00,0.0,0.0,,
611.0,0,2024-04-28 18:00:00,0.0,0.0,,
612.0,0,2024-04-28 19:00:00,0.0,0.0,,
613.0,0,2024-04-28 20:00:00,0.0,0.0,,
614.0,0,2024-04-28 21:00:00,0.0,0.0,,
615.0,0,2024-04-28 22:00:00,0.0,0.0,,
616.0,0,2024-04-28 23:00:00,0.0,0.0,,
617.0,0,2024-04-29 00:00:00,0.0,0.0,,
618.0,0,2024-04-29 01:00:00,0.0,0.0,,
619.0,0,2024-04-29 02:00:00,0.0,0.0,,
620.0,0,2024-04-29 03:00:00,0.0,0.0,,
621.0,0,2024-04-29 04:00:00,0.0,0.0,,
622.0,0,2024-04-29 05:00:00,0.0,0.0,,
623.0,0,2024-04-29 06:00:00,0.0,0.0,,
624.0,0,2024-04-29 07:00:00,0.0,0.0,,
625.0,0,2024-04-29 08:00:00,0.0,0.0,,
626.0,0,2024-04-29 09:00:00,0.0,0.0,,
627.0,0,2024-04-29 10:00:00,0.0,0.0,,
628.0,0,2024-04-29 11:00:00,0.0,0.0,,
629.0,0,2024-04-29 12:00:00,0.0,0.0,,
630.0,0,2024-04-29 13:00:00,0.0,0.0,,
631.0,0,2024-04-29 14:00:00,0.0,0.0,,
632.0,0,2024-04-29 15:00:00,0.0,0.0,,
633.0,0,2024-04-29 16:00:00,0.0,0.0,,
634.0,0,2024-04-29 17:00:00,0.0,0.0,,
635.0,0,2024-04-29 18:00:00,0.0,0.0,,
636.0,0,2024-04-29 19:00:00,0.0,0.0,,
637.0,0,2024-04-29 20:00:00,0.0,0.0,,
638.0,0,2024-04-29 21:00:00,0.0,0.0,,
639.0,0,2024-04-29 22:00:00,0.0,0.0,,
640.0,0,2024-04-29 23:00:00,0.0,0.0,,
641.0,0,2024-04-30 00:00:00,0.0,0.0,,
642.0,0,2024-04-30 01:00:00,0.0,0.0,,
643.0,0,2024-04-30 02:00:00,0.0,0.0,,
644.0,0,2024-04-30 03:00:00,0.0,0.0,,
645.0,0,2024-04-30 04:00:00,0.0,0.0,,
646.0,0,2024-04-30 05:00:00,0.0,0.0,,
647.0,0,2024-04-30 06:00:00,0.0,0.0,,
648.0,0,2024-04-30 07:00:00,0.0,0.0,,
649.0,0,2024-04-30 08:00:00,0.0,0.0,,
650.0,0,2024-04-30 09:00:00,0.0,1000.0,bytes,Cloud Pub/Sub
651.0,0,2024-04-30 10:00:00,0.0,0.0,,
652.0,0,2024-04-30 11:00:00,0.0,0.0,,
653.0,0,2024-04-30 12:00:00,0.0,0.0,,
654.0,0,2024-04-30 13:00:00,0.0,2093.0,bytes,Cloud Pub/Sub
655.0,0,2024-04-30 14:00:00,0.0,0.0,,
656.0,0,2024-04-30 15:00:00,0.0,0.0,,
657.0,0,2024-04-30 16:00:00,0.0,0.0,,
658.0,0,2024-04-30 17:00:00,0.0,0.0,,
659.0,0,2024-04-30 18:00:00,0.0,0.0,,
660.0,0,2024-04-30 19:00:00,0.0,0.0,,
661.0,0,2024-04-30 20:00:00,0.0,0.0,,
662.0,0,2024-04-30 21:00:00,0.0,0.0,,
663.0,0,2024-04-30 22:00:00,0.0,0.0,,
664.0,0,2024-04-30 23:00:00,0.0,0.0,,
665.0,0,2024-05-01 00:00:00,0.0,0.0,,
666.0,0,2024-05-01 01:00:00,0.0,0.0,,
667.0,0,2024-05-01 02:00:00,0.0,0.0,,
668.0,0,2024-05-01 03:00:00,0.0,0.0,,
669.0,0,2024-05-01 04:00:00,0.0,0.0,,
670.0,0,2024-05-01 05:00:00,0.0,0.0,,
671.0,0,2024-05-01 06:00:00,0.0,0.0,,
672.0,0,2024-05-01 07:00:00,0.0,0.0,,
673.0,0,2024-05-01 08:00:00,0.0,0.0,,
674.0,0,2024-05-01 09:00:00,0.0,0.0,,
675.0,0,2024-05-01 10:00:00,0.0,0.0,,
676.0,0,2024-05-01 11:00:00,0.0,0.0,,
677.0,0,2024-05-01 12:00:00,0.0,0.0,,
678.0,0,2024-05-01 13:00:00,0.0,0.0,,
679.0,0,2024-05-01 14:00:00,0.0,0.0,,
680.0,0,2024-05-01 15:00:00,0.0,0.0,,
681.0,0,2024-05-01 16:00:00,0.0,0.0,,
682.0,0,2024-05-01 17:00:00,0.0,0.0,,
683.0,0,2024-05-01 18:00:00,0.0,0.0,,
684.0,0,2024-05-01 19:00:00,0.0,0.0,,
685.0,0,2024-05-01 20:00:00,0.0,0.0,,
686.0,0,2024-05-01 21:00:00,0.0,0.0,,
687.0,0,2024-05-01 22:00:00,0.0,0.0,,
688.0,0,2024-05-01 23:00:00,0.0,0.0,,
689.0,0,2024-05-02 00:00:00,0.0,0.0,,
690.0,0,2024-05-02 01:00:00,0.0,0.0,,
691.0,0,2024-05-02 02:00:00,0.0,0.0,,
692.0,0,2024-05-02 03:00:00,0.0,0.0,,
693.0,0,2024-05-02 04:00:00,0.0,0.0,,
694.0,0,2024-05-02 05:00:00,0.0,0.0,,
695.0,0,2024-05-02 06:00:00,0.0,0.0,,
696.0,0,2024-05-02 07:00:00,0.0,0.0,,
697.0,0,2024-05-02 08:00:00,0.0,0.0,,
698.0,0,2024-05-02 09:00:00,0.0,0.0,,
699.0,0,2024-05-02 10:00:00,0.0,0.0,,
700.0,0,2024-05-02 11:00:00,0.0,0.0,,
701.0,0,2024-05-02 12:00:00,0.0,0.0,,
702.0,0,2024-05-02 13:00:00,0.0,0.0,,
703.0,0,2024-05-02 14:00:00,0.0,0.0,,
704.0,0,2024-05-02 15:00:00,0.0,0.0,,
705.0,0,2024-05-02 16:00:00,0.0,0.0,,
706.0,0,2024-05-02 17:00:00,0.0,0.0,,
707.0,0,2024-05-02 18:00:00,0.0,0.0,,
708.0,0,2024-05-02 19:00:00,0.0,0.0,,
709.0,0,2024-05-02 20:00:00,0.0,0.0,,
710.0,0,2024-05-02 21:00:00,0.0,0.0,,
711.0,0,2024-05-02 22:00:00,0.0,0.0,,
712.0,0,2024-05-02 23:00:00,0.0,0.0,,
713.0,0,2024-05-03 00:00:00,0.0,0.0,,
714.0,0,2024-05-03 01:00:00,0.0,0.0,,
715.0,0,2024-05-03 02:00:00,0.0,0.0,,
716.0,0,2024-05-03 03:00:00,0.0,0.0,,
717.0,0,2024-05-03 04:00:00,0.0,0.0,,
718.0,0,2024-05-03 05:00:00,0.0,0.0,,
719.0,0,2024-05-03 06:00:00,0.0,0.0,,
720.0,0,2024-05-03 07:00:00,0.0,0.0,,
721.0,0,2024-05-03 08:00:00,0.0,0.0,,
722.0,0,2024-05-03 09:00:00,0.0,0.0,,
723.0,0,2024-05-03 10:00:00,0.0,0.0,,
724.0,0,2024-05-03 11:00:00,0.0,0.0,,
725.0,0,2024-05-03 12:00:00,0.0,0.0,,
726.0,0,2024-05-03 13:00:00,0.0,0.0,,
727.0,0,2024-05-03 14:00:00,0.0,0.0,,
728.0,0,2024-05-03 15:00:00,0.0,0.0,,
729.0,0,2024-05-03 16:00:00,0.0,0.0,,
730.0,0,2024-05-03 17:00:00,0.0,0.0,,
731.0,0,2024-05-03 18:00:00,0.0,0.0,,
732.0,0,2024-05-03 19:00:00,0.0,0.0,,
733.0,0,2024-05-03 20:00:00,0.0,0.0,,
734.0,0,2024-05-03 21:00:00,0.0,0.0,,
735.0,0,2024-05-03 22:00:00,0.0,0.0,,
736.0,0,2024-05-03 23:00:00,0.0,0.0,,
737.0,0,2024-05-04 00:00:00,0.0,0.0,,
738.0,0,2024-05-04 01:00:00,0.0,0.0,,
739.0,0,2024-05-04 02:00:00,0.0,0.0,,
740.0,0,2024-05-04 03:00:00,0.0,0.0,,
741.0,0,2024-05-04 04:00:00,0.0,0.0,,
742.0,0,2024-05-04 05:00:00,0.0,0.0,,
743.0,0,2024-05-04 06:00:00,0.0,0.0,,
744.0,0,2024-05-04 07:00:00,0.0,0.0,,
745.0,0,2024-05-04 08:00:00,0.0,0.0,,
746.0,0,2024-05-04 09:00:00,0.0,0.0,,
747.0,0,2024-05-04 10:00:00,0.0,0.0,,
748.0,0,2024-05-04 11:00:00,0.0,0.0,,
749.0,0,2024-05-04 12:00:00,0.0,0.0,,
750.0,0,2024-05-04 13:00:00,0.0,0.0,,
751.0,0,2024-05-04 14:00:00,0.0,0.0,,
752.0,0,2024-05-04 15:00:00,0.0,0.0,,
753.0,0,2024-05-04 16:00:00,0.0,0.0,,
754.0,0,2024-05-04 17:00:00,0.0,0.0,,
755.0,0,2024-05-04 18:00:00,0.0,0.0,,
756.0,0,2024-05-04 19:00:00,0.0,0.0,,
757.0,0,2024-05-04 20:00:00,0.0,0.0,,
758.0,0,2024-05-04 21:00:00,0.0,0.0,,
759.0,0,2024-05-04 22:00:00,0.0,0.0,,
760.0,0,2024-05-04 23:00:00,0.0,0.0,,
761.0,0,2024-05-05 00:00:00,0.0,0.0,,
762.0,0,2024-05-05 01:00:00,0.0,0.0,,
763.0,0,2024-05-05 02:00:00,0.0,0.0,,
764.0,0,2024-05-05 03:00:00,0.0,0.0,,
765.0,0,2024-05-05 04:00:00,0.0,0.0,,
766.0,0,2024-05-05 05:00:00,0.0,0.0,,
767.0,0,2024-05-05 06:00:00,0.0,0.0,,
768.0,0,2024-05-05 07:00:00,0.0,0.0,,
769.0,0,2024-05-05 08:00:00,0.0,0.0,,
770.0,0,2024-05-05 09:00:00,0.0,0.0,,
771.0,0,2024-05-05 10:00:00,0.0,0.0,,
772.0,0,2024-05-05 11:00:00,0.0,0.0,,
773.0,0,2024-05-05 12:00:00,0.0,0.0,,
774.0,0,2024-05-05 13:00:00,0.0,0.0,,
775.0,0,2024-05-05 14:00:00,0.0,0.0,,
776.0,0,2024-05-05 15:00:00,0.0,0.0,,
777.0,0,2024-05-05 16:00:00,0.0,0.0,,
778.0,0,2024-05-05 17:00:00,0.0,0.0,,
779.0,0,2024-05-05 18:00:00,0.0,0.0,,
780.0,0,2024-05-05 19:00:00,0.0,0.0,,
781.0,0,2024-05-05 20:00:00,0.0,0.0,,
782.0,0,2024-05-05 21:00:00,0.0,0.0,,
783.0,0,2024-05-05 22:00:00,0.0,0.0,,
784.0,0,2024-05-05 23:00:00,0.0,0.0,,
785.0,0,2024-05-06 00:00:00,0.0,0.0,,
786.0,0,2024-05-06 01:00:00,0.0,0.0,,
787.0,0,2024-05-06 02:00:00,0.0,0.0,,
788.0,0,2024-05-06 03:00:00,0.0,0.0,,
789.0,0,2024-05-06 04:00:00,0.0,0.0,,
790.0,0,2024-05-06 05:00:00,0.0,0.0,,
791.0,0,2024-05-06 06:00:00,0.0,0.0,,
792.0,0,2024-05-06 07:00:00,0.0,0.0,,
793.0,0,2024-05-06 08:00:00,0.0,0.0,,
794.0,0,2024-05-06 09:00:00,0.0,0.0,,
795.0,0,2024-05-06 10:00:00,0.0,0.0,,
796.0,0,2024-05-06 11:00:00,0.0,0.0,,
797.0,0,2024-05-06 12:00:00,0.0,0.0,,
798.0,0,2024-05-06 13:00:00,0.0,0.0,,
799.0,0,2024-05-06 14:00:00,0.0,0.0,,
800.0,0,2024-05-06 15:00:00,0.0,0.0,,
801.0,0,2024-05-06 16:00:00,0.0,0.0,,
802.0,0,2024-05-06 17:00:00,0.0,0.0,,
803.0,0,2024-05-06 18:00:00,0.0,0.0,,
804.0,0,2024-05-06 19:00:00,0.0,0.0,,
805.0,0,2024-05-06 20:00:00,0.0,0.0,,
806.0,0,2024-05-06 21:00:00,0.0,0.0,,
807.0,0,2024-05-06 22:00:00,0.0,0.0,,
808.0,0,2024-05-06 23:00:00,0.0,0.0,,
809.0,0,2024-05-07 00:00:00,0.0,0.0,,
810.0,0,2024-05-07 01:00:00,0.0,0.0,,
811.0,0,2024-05-07 02:00:00,0.0,0.0,,
812.0,0,2024-05-07 03:00:00,0.0,0.0,,
813.0,0,2024-05-07 04:00:00,0.0,0.0,,
814.0,0,2024-05-07 05:00:00,0.0,0.0,,
815.0,0,2024-05-07 06:00:00,0.0,0.0,,
816.0,0,2024-05-07 07:00:00,0.0,0.0,,
817.0,0,2024-05-07 08:00:00,0.0,0.0,,
818.0,0,2024-05-07 09:00:00,0.0,0.0,,
819.0,0,2024-05-07 10:00:00,0.0,0.0,,
820.0,0,2024-05-07 11:00:00,0.0,0.0,,
821.0,0,2024-05-07 12:00:00,0.0,0.0,,
822.0,0,2024-05-07 13:00:00,0.0,0.0,,
823.0,0,2024-05-07 14:00:00,0.0,0.0,,
824.0,0,2024-05-07 15:00:00,0.0,0.0,,
825.0,0,2024-05-07 16:00:00,0.0,0.0,,
826.0,0,2024-05-07 17:00:00,0.0,0.0,,
827.0,0,2024-05-07 18:00:00,0.0,0.0,,
828.0,0,2024-05-07 19:00:00,0.0,0.0,,
829.0,0,2024-05-07 20:00:00,0.0,0.0,,
830.0,0,2024-05-07 21:00:00,0.0,0.0,,
831.0,0,2024-05-07 22:00:00,0.0,0.0,,
832.0,0,2024-05-07 23:00:00,0.0,0.0,,
833.0,0,2024-05-08 00:00:00,0.0,0.0,,
834.0,0,2024-05-08 01:00:00,0.0,0.0,,
835.0,0,2024-05-08 02:00:00,0.0,0.0,,
836.0,0,2024-05-08 03:00:00,0.0,0.0,,
837.0,0,2024-05-08 04:00:00,0.0,0.0,,
838.0,0,2024-05-08 05:00:00,0.0,0.0,,
839.0,0,2024-05-08 06:00:00,0.0,0.0,,
840.0,0,2024-05-08 07:00:00,0.0,0.0,,
841.0,0,2024-05-08 08:00:00,0.0,0.0,,
842.0,0,2024-05-08 09:00:00,0.0,0.0,,
843.0,0,2024-05-08 10:00:00,0.0,0.0,,
844.0,0,2024-05-08 11:00:00,0.0,0.0,,
845.0,0,2024-05-08 12:00:00,0.0,0.0,,
846.0,0,2024-05-08 13:00:00,0.0,0.0,,
847.0,0,2024-05-08 14:00:00,0.0,0.0,,
848.0,0,2024-05-08 15:00:00,0.0,0.0,,
849.0,0,2024-05-08 16:00:00,0.0,0.0,,
850.0,0,2024-05-08 17:00:00,0.0,0.0,,
851.0,0,2024-05-08 18:00:00,0.0,0.0,,
852.0,0,2024-05-08 19:00:00,0.0,0.0,,
853.0,0,2024-05-08 20:00:00,0.0,0.0,,
854.0,0,2024-05-08 21:00:00,0.0,0.0,,
855.0,0,2024-05-08 22:00:00,0.0,0.0,,
856.0,0,2024-05-08 23:00:00,0.0,0.0,,
857.0,0,2024-05-09 00:00:00,0.0,0.0,,
858.0,0,2024-05-09 01:00:00,0.0,0.0,,
859.0,0,2024-05-09 02:00:00,0.0,0.0,,
860.0,0,2024-05-09 03:00:00,0.0,0.0,,
861.0,0,2024-05-09 04:00:00,0.0,0.0,,
862.0,0,2024-05-09 05:00:00,0.0,0.0,,
863.0,0,2024-05-09 06:00:00,0.0,0.0,,
864.0,0,2024-05-09 07:00:00,0.0,0.0,,
865.0,0,2024-05-09 08:00:00,0.0,0.0,,
866.0,0,2024-05-09 09:00:00,0.0,0.0,,
867.0,0,2024-05-09 10:00:00,0.0,0.0,,
868.0,0,2024-05-09 11:00:00,0.0,0.0,,
869.0,0,2024-05-09 12:00:00,0.0,0.0,,
870.0,0,2024-05-09 13:00:00,0.0,0.0,,
871.0,0,2024-05-09 14:00:00,0.0,0.0,,
872.0,0,2024-05-09 15:00:00,0.0,0.0,,
873.0,0,2024-05-09 16:00:00,0.0,0.0,,
874.0,0,2024-05-09 17:00:00,0.0,0.0,,
875.0,0,2024-05-09 18:00:00,0.0,0.0,,
876.0,0,2024-05-09 19:00:00,0.0,0.0,,
877.0,0,2024-05-09 20:00:00,0.0,0.0,,
878.0,0,2024-05-09 21:00:00,0.0,0.0,,
879.0,0,2024-05-09 22:00:00,0.0,0.0,,
880.0,0,2024-05-09 23:00:00,0.0,0.0,,
881.0,0,2024-05-10 00:00:00,0.0,0.0,,
882.0,0,2024-05-10 01:00:00,0.0,0.0,,
883.0,0,2024-05-10 02:00:00,0.0,0.0,,
884.0,0,2024-05-10 03:00:00,0.0,0.0,,
885.0,0,2024-05-10 04:00:00,0.0,0.0,,
886.0,0,2024-05-10 05:00:00,0.0,0.0,,
887.0,0,2024-05-10 06:00:00,0.0,0.0,,
888.0,0,2024-05-10 07:00:00,0.0,0.0,,
889.0,0,2024-05-10 08:00:00,0.0,8000.0,bytes,Cloud Pub/Sub
890.0,0,2024-05-10 09:00:00,0.0,0.0,,
891.0,0,2024-05-10 10:00:00,0.0,0.0,,
892.0,0,2024-05-10 11:00:00,0.0,0.0,,
893.0,0,2024-05-10 12:00:00,0.0,0.0,,
894.0,0,2024-05-10 13:00:00,0.0,0.0,,
895.0,0,2024-05-10 14:00:00,0.0,0.0,,
896.0,0,2024-05-10 15:00:00,0.0,0.0,,
897.0,0,2024-05-10 16:00:00,0.0,0.0,,
898.0,0,2024-05-10 17:00:00,0.0,0.0,,
899.0,0,2024-05-10 18:00:00,0.0,0.0,,
900.0,0,2024-05-10 19:00:00,0.0,0.0,,
901.0,0,2024-05-10 20:00:00,0.0,0.0,,
902.0,0,2024-05-10 21:00:00,0.0,0.0,,
903.0,0,2024-05-10 22:00:00,0.0,0.0,,
904.0,0,2024-05-10 23:00:00,0.0,0.0,,
905.0,0,2024-05-11 00:00:00,0.0,0.0,,
906.0,0,2024-05-11 01:00:00,0.0,0.0,,
907.0,0,2024-05-11 02:00:00,0.0,0.0,,
908.0,0,2024-05-11 03:00:00,0.0,0.0,,
909.0,0,2024-05-11 04:00:00,0.0,0.0,,
910.0,0,2024-05-11 05:00:00,0.0,0.0,,
911.0,0,2024-05-11 06:00:00,0.0,0.0,,
912.0,0,2024-05-11 07:00:00,0.0,0.0,,
913.0,0,2024-05-11 08:00:00,0.0,0.0,,
914.0,0,2024-05-11 09:00:00,0.0,0.0,,
915.0,0,2024-05-11 10:00:00,0.0,0.0,,
916.0,0,2024-05-11 11:00:00,0.0,0.0,,
917.0,0,2024-05-11 12:00:00,0.0,0.0,,
918.0,0,2024-05-11 13:00:00,0.0,0.0,,
919.0,0,2024-05-11 14:00:00,0.0,0.0,,
920.0,0,2024-05-11 15:00:00,0.0,0.0,,
921.0,0,2024-05-11 16:00:00,0.0,0.0,,
922.0,0,2024-05-11 17:00:00,0.0,0.0,,
923.0,0,2024-05-11 18:00:00,0.0,0.0,,
924.0,0,2024-05-11 19:00:00,0.0,0.0,,
925.0,0,2024-05-11 20:00:00,0.0,0.0,,
926.0,0,2024-05-11 21:00:00,0.0,0.0,,
927.0,0,2024-05-11 22:00:00,0.0,0.0,,
928.0,0,2024-05-11 23:00:00,0.0,0.0,,
929.0,0,2024-05-12 00:00:00,0.0,0.0,,
930.0,0,2024-05-12 01:00:00,0.0,0.0,,
931.0,0,2024-05-12 02:00:00,0.0,0.0,,
932.0,0,2024-05-12 03:00:00,0.0,0.0,,
933.0,0,2024-05-12 04:00:00,0.0,0.0,,
934.0,0,2024-05-12 05:00:00,0.0,0.0,,
935.0,0,2024-05-12 06:00:00,0.0,0.0,,
936.0,0,2024-05-12 07:00:00,0.0,0.0,,
937.0,0,2024-05-12 08:00:00,0.0,0.0,,
938.0,0,2024-05-12 09:00:00,0.0,0.0,,
939.0,0,2024-05-12 10:00:00,0.0,0.0,,
940.0,0,2024-05-12 11:00:00,0.0,0.0,,
941.0,0,2024-05-12 12:00:00,0.0,0.0,,
942.0,0,2024-05-12 13:00:00,0.0,0.0,,
943.0,0,2024-05-12 14:00:00,0.0,0.0,,
944.0,0,2024-05-12 15:00:00,0.0,0.0,,
945.0,0,2024-05-12 16:00:00,0.0,0.0,,
946.0,0,2024-05-12 17:00:00,0.0,0.0,,
947.0,0,2024-05-12 18:00:00,0.0,0.0,,
948.0,0,2024-05-12 19:00:00,0.0,0.0,,
949.0,0,2024-05-12 20:00:00,0.0,0.0,,
950.0,0,2024-05-12 21:00:00,0.0,0.0,,
951.0,0,2024-05-12 22:00:00,0.0,0.0,,
952.0,0,2024-05-12 23:00:00,0.0,0.0,,
953.0,0,2024-05-13 00:00:00,0.0,0.0,,
954.0,0,2024-05-13 01:00:00,0.0,0.0,,
955.0,0,2024-05-13 02:00:00,0.0,0.0,,
956.0,0,2024-05-13 03:00:00,0.0,0.0,,
957.0,0,2024-05-13 04:00:00,0.0,0.0,,
958.0,0,2024-05-13 05:00:00,0.0,0.0,,
959.0,0,2024-05-13 06:00:00,0.0,0.0,,
960.0,0,2024-05-13 07:00:00,0.0,0.0,,
961.0,0,2024-05-13 08:00:00,0.0,0.0,,
962.0,0,2024-05-13 09:00:00,0.0,0.0,,
963.0,0,2024-05-13 10:00:00,0.0,0.0,,
964.0,0,2024-05-13 11:00:00,0.0,0.0,,
965.0,0,2024-05-13 12:00:00,0.0,0.0,,
966.0,0,2024-05-13 13:00:00,0.0,0.0,,
967.0,0,2024-05-13 14:00:00,0.0,0.0,,
968.0,0,2024-05-13 15:00:00,0.0,0.0,,
969.0,0,2024-05-13 16:00:00,0.0,0.0,,
970.0,0,2024-05-13 17:00:00,0.0,0.0,,
971.0,0,2024-05-13 18:00:00,0.0,0.0,,
972.0,0,2024-05-13 19:00:00,0.0,0.0,,
973.0,0,2024-05-13 20:00:00,0.0,0.0,,
974.0,0,2024-05-13 21:00:00,0.0,0.0,,
975.0,0,2024-05-13 22:00:00,0.0,0.0,,
976.0,0,2024-05-13 23:00:00,0.0,0.0,,
977.0,0,2024-05-14 00:00:00,0.0,0.0,,
978.0,0,2024-05-14 01:00:00,0.0,0.0,,
979.0,0,2024-05-14 02:00:00,0.0,0.0,,
980.0,0,2024-05-14 03:00:00,0.0,0.0,,
981.0,0,2024-05-14 04:00:00,0.0,0.0,,
982.0,0,2024-05-14 05:00:00,0.0,0.0,,
983.0,0,2024-05-14 06:00:00,0.0,0.0,,
984.0,0,2024-05-14 07:00:00,0.0,0.0,,
985.0,0,2024-05-14 08:00:00,0.0,0.0,,
986.0,0,2024-05-14 09:00:00,0.0,0.0,,
987.0,0,2024-05-14 10:00:00,0.0,0.0,,
988.0,0,2024-05-14 11:00:00,0.0,0.0,,
989.0,0,2024-05-14 12:00:00,0.0,0.0,,
990.0,0,2024-05-14 13:00:00,0.0,0.0,,
991.0,0,2024-05-14 14:00:00,0.0,0.0,,
992.0,0,2024-05-14 15:00:00,0.0,0.0,,
993.0,0,2024-05-14 16:00:00,0.0,0.0,,
994.0,0,2024-05-14 17:00:00,0.0,0.0,,
995.0,0,2024-05-14 18:00:00,0.0,0.0,,
996.0,0,2024-05-14 19:00:00,0.0,0.0,,
997.0,0,2024-05-14 20:00:00,0.0,0.0,,
998.0,0,2024-05-14 21:00:00,0.0,0.0,,
999.0,0,2024-05-14 22:00:00,0.0,0.0,,
1000.0,0,2024-05-14 23:00:00,0.0,0.0,,
1001.0,0,2024-05-15 00:00:00,0.0,0.0,,
1002.0,0,2024-05-15 01:00:00,0.0,0.0,,
1003.0,0,2024-05-15 02:00:00,0.0,0.0,,
1004.0,0,2024-05-15 03:00:00,0.0,0.0,,
1005.0,0,2024-05-15 04:00:00,0.0,0.0,,
1006.0,0,2024-05-15 05:00:00,0.0,0.0,,
1007.0,0,2024-05-15 06:00:00,0.0,0.0,,
1008.0,0,2024-05-15 07:00:00,0.0,0.0,,
1009.0,0,2024-05-15 08:00:00,0.0,0.0,,
1010.0,0,2024-05-15 09:00:00,0.0,0.0,,
1011.0,0,2024-05-15 10:00:00,0.0,0.0,,
1012.0,0,2024-05-15 11:00:00,0.0,0.0,,
1013.0,0,2024-05-15 12:00:00,0.0,0.0,,
1014.0,0,2024-05-15 13:00:00,0.0,0.0,,
1015.0,0,2024-05-15 14:00:00,0.0,0.0,,
1016.0,0,2024-05-15 15:00:00,0.0,0.0,,
1017.0,0,2024-05-15 16:00:00,0.0,0.0,,
1018.0,0,2024-05-15 17:00:00,0.0,0.0,,
1019.0,0,2024-05-15 18:00:00,0.0,0.0,,
1020.0,0,2024-05-15 19:00:00,0.0,0.0,,
1021.0,0,2024-05-15 20:00:00,0.0,0.0,,
1022.0,0,2024-05-15 21:00:00,0.0,0.0,,
1023.0,0,2024-05-15 22:00:00,0.0,0.0,,
1024.0,0,2024-05-15 23:00:00,0.0,0.0,,
1025.0,0,2024-05-16 00:00:00,0.0,0.0,,
1026.0,0,2024-05-16 01:00:00,0.0,0.0,,
1027.0,0,2024-05-16 02:00:00,0.0,0.0,,
1028.0,0,2024-05-16 03:00:00,0.0,0.0,,
1029.0,0,2024-05-16 04:00:00,0.0,0.0,,
1030.0,0,2024-05-16 05:00:00,0.0,0.0,,
1031.0,0,2024-05-16 06:00:00,0.0,0.0,,
1032.0,0,2024-05-16 07:00:00,0.0,0.0,,
1033.0,0,2024-05-16 08:00:00,0.0,0.0,,
1034.0,0,2024-05-16 09:00:00,0.0,0.0,,
1035.0,0,2024-05-16 10:00:00,0.0,0.0,,
1036.0,0,2024-05-16 11:00:00,0.0,0.0,,
1037.0,0,2024-05-16 12:00:00,0.0,0.0,,
1038.0,0,2024-05-16 13:00:00,0.0,0.0,,
1039.0,0,2024-05-16 14:00:00,0.0,0.0,,
1040.0,0,2024-05-16 15:00:00,0.0,0.0,,
1041.0,0,2024-05-16 16:00:00,0.0,0.0,,
1042.0,0,2024-05-16 17:00:00,0.0,0.0,,
1043.0,0,2024-05-16 18:00:00,0.0,0.0,,
1044.0,0,2024-05-16 19:00:00,0.0,0.0,,
1045.0,0,2024-05-16 20:00:00,0.0,0.0,,
1046.0,0,2024-05-16 21:00:00,0.0,0.0,,
1047.0,0,2024-05-16 22:00:00,0.0,0.0,,
1048.0,0,2024-05-16 23:00:00,0.0,0.0,,
1049.0,0,2024-05-17 00:00:00,0.0,0.0,,
1050.0,0,2024-05-17 01:00:00,0.0,0.0,,
1051.0,0,2024-05-17 02:00:00,0.0,0.0,,
1052.0,0,2024-05-17 03:00:00,0.0,0.0,,
1053.0,0,2024-05-17 04:00:00,0.0,0.0,,
1054.0,0,2024-05-17 05:00:00,0.0,0.0,,
1055.0,0,2024-05-17 06:00:00,0.0,0.0,,
1056.0,0,2024-05-17 07:00:00,0.0,0.0,,
1057.0,0,2024-05-17 08:00:00,0.0,0.0,,
1058.0,0,2024-05-17 09:00:00,0.0,0.0,,
1059.0,0,2024-05-17 10:00:00,0.0,0.0,,
1060.0,0,2024-05-17 11:00:00,0.0,0.0,,
1061.0,0,2024-05-17 12:00:00,0.0,0.0,,
1062.0,0,2024-05-17 13:00:00,0.0,0.0,,
1063.0,0,2024-05-17 14:00:00,0.0,0.0,,
1064.0,0,2024-05-17 15:00:00,0.0,0.0,,
1065.0,0,2024-05-17 16:00:00,0.0,0.0,,
1066.0,0,2024-05-17 17:00:00,0.0,0.0,,
1067.0,0,2024-05-17 18:00:00,0.0,0.0,,
1068.0,0,2024-05-17 19:00:00,0.0,0.0,,
1069.0,0,2024-05-17 20:00:00,0.0,0.0,,
1070.0,0,2024-05-17 21:00:00,0.0,0.0,,
1071.0,0,2024-05-17 22:00:00,0.0,0.0,,
1072.0,0,2024-05-17 23:00:00,0.0,0.0,,
1073.0,0,2024-05-18 00:00:00,0.0,0.0,,
1074.0,0,2024-05-18 01:00:00,0.0,0.0,,
1075.0,0,2024-05-18 02:00:00,0.0,0.0,,
1076.0,0,2024-05-18 03:00:00,0.0,0.0,,
1077.0,0,2024-05-18 04:00:00,0.0,0.0,,
1078.0,0,2024-05-18 05:00:00,0.0,0.0,,
1079.0,0,2024-05-18 06:00:00,0.0,0.0,,
1080.0,0,2024-05-18 07:00:00,0.0,0.0,,
1081.0,0,2024-05-18 08:00:00,0.0,0.0,,
1082.0,0,2024-05-18 09:00:00,0.0,0.0,,
1083.0,0,2024-05-18 10:00:00,0.0,0.0,,
1084.0,0,2024-05-18 11:00:00,0.0,0.0,,
1085.0,0,2024-05-18 12:00:00,0.0,0.0,,
1086.0,0,2024-05-18 13:00:00,0.0,0.0,,
1087.0,0,2024-05-18 14:00:00,0.0,0.0,,
1088.0,0,2024-05-18 15:00:00,0.0,0.0,,
1089.0,0,2024-05-18 16:00:00,0.0,0.0,,
1090.0,0,2024-05-18 17:00:00,0.0,0.0,,
1091.0,0,2024-05-18 18:00:00,0.0,0.0,,
1092.0,0,2024-05-18 19:00:00,0.0,0.0,,
1093.0,0,2024-05-18 20:00:00,0.0,0.0,,
1094.0,0,2024-05-18 21:00:00,0.0,0.0,,
1095.0,0,2024-05-18 22:00:00,0.0,0.0,,
1096.0,0,2024-05-18 23:00:00,0.0,0.0,,
1097.0,0,2024-05-19 00:00:00,0.0,0.0,,
1098.0,0,2024-05-19 01:00:00,0.0,0.0,,
1099.0,0,2024-05-19 02:00:00,0.0,0.0,,
1100.0,0,2024-05-19 03:00:00,0.0,0.0,,
1101.0,0,2024-05-19 04:00:00,0.0,0.0,,
1102.0,0,2024-05-19 05:00:00,0.0,0.0,,
1103.0,0,2024-05-19 06:00:00,0.0,0.0,,
1104.0,0,2024-05-19 07:00:00,0.0,0.0,,
1105.0,0,2024-05-19 08:00:00,0.0,0.0,,
1106.0,0,2024-05-19 09:00:00,0.0,0.0,,
1107.0,0,2024-05-19 10:00:00,0.0,0.0,,
1108.0,0,2024-05-19 11:00:00,0.0,0.0,,
1109.0,0,2024-05-19 12:00:00,0.0,0.0,,
1110.0,0,2024-05-19 13:00:00,0.0,0.0,,
1111.0,0,2024-05-19 14:00:00,0.0,0.0,,
1112.0,0,2024-05-19 15:00:00,0.0,0.0,,
1113.0,0,2024-05-19 16:00:00,0.0,0.0,,
1114.0,0,2024-05-19 17:00:00,0.0,0.0,,
1115.0,0,2024-05-19 18:00:00,0.0,0.0,,
1116.0,0,2024-05-19 19:00:00,0.0,0.0,,
1117.0,0,2024-05-19 20:00:00,0.0,0.0,,
1118.0,0,2024-05-19 21:00:00,0.0,0.0,,
1119.0,0,2024-05-19 22:00:00,0.0,0.0,,
1120.0,0,2024-05-19 23:00:00,0.0,0.0,,
1121.0,0,2024-05-20 00:00:00,0.0,0.0,,
1122.0,0,2024-05-20 01:00:00,0.0,0.0,,
1123.0,0,2024-05-20 02:00:00,0.0,0.0,,
1124.0,0,2024-05-20 03:00:00,0.0,0.0,,
1125.0,0,2024-05-20 04:00:00,0.0,0.0,,
1126.0,0,2024-05-20 05:00:00,0.0,0.0,,
1127.0,0,2024-05-20 06:00:00,0.0,0.0,,
1128.0,0,2024-05-20 07:00:00,0.0,0.0,,
1129.0,0,2024-05-20 08:00:00,0.0,0.0,,
1130.0,0,2024-05-20 09:00:00,0.0,0.0,,
1131.0,0,2024-05-20 10:00:00,0.0,0.0,,
1132.0,0,2024-05-20 11:00:00,0.0,0.0,,
1133.0,0,2024-05-20 12:00:00,0.0,0.0,,
1134.0,0,2024-05-20 13:00:00,0.0,0.0,,
1135.0,0,2024-05-20 14:00:00,0.0,0.0,,
1136.0,0,2024-05-20 15:00:00,0.0,0.0,,
1137.0,0,2024-05-20 16:00:00,0.0,0.0,,
1138.0,0,2024-05-20 17:00:00,0.0,0.0,,
1139.0,0,2024-05-20 18:00:00,0.0,0.0,,
1140.0,0,2024-05-20 19:00:00,0.0,0.0,,
1141.0,0,2024-05-20 20:00:00,0.0,0.0,,
1142.0,0,2024-05-20 21:00:00,0.0,0.0,,
1143.0,0,2024-05-20 22:00:00,0.0,0.0,,
1144.0,0,2024-05-20 23:00:00,0.0,0.0,,
1145.0,0,2024-05-21 00:00:00,0.0,0.0,,
1146.0,0,2024-05-21 01:00:00,0.0,0.0,,
1147.0,0,2024-05-21 02:00:00,0.0,0.0,,
1148.0,0,2024-05-21 03:00:00,0.0,0.0,,
1149.0,0,2024-05-21 04:00:00,0.0,0.0,,
1150.0,0,2024-05-21 05:00:00,0.0,0.0,,
1151.0,0,2024-05-21 06:00:00,0.0,0.0,,
1152.0,0,2024-05-21 07:00:00,0.0,0.0,,
1153.0,0,2024-05-21 08:00:00,0.0,0.0,,
1154.0,0,2024-05-21 09:00:00,0.0,0.0,,
1155.0,0,2024-05-21 10:00:00,0.0,0.0,,
1156.0,0,2024-05-21 11:00:00,0.0,0.0,,
1157.0,0,2024-05-21 12:00:00,0.0,0.0,,
1158.0,0,2024-05-21 13:00:00,0.0,0.0,,
1159.0,0,2024-05-21 14:00:00,0.0,0.0,,
1160.0,0,2024-05-21 15:00:00,0.0,0.0,,
1161.0,0,2024-05-21 16:00:00,0.0,0.0,,
1162.0,0,2024-05-21 17:00:00,0.0,0.0,,
1163.0,0,2024-05-21 18:00:00,0.0,0.0,,
1164.0,0,2024-05-21 19:00:00,0.0,0.0,,
1165.0,0,2024-05-21 20:00:00,0.0,0.0,,
1166.0,0,2024-05-21 21:00:00,0.0,0.0,,
1167.0,0,2024-05-21 22:00:00,0.0,0.0,,
1168.0,0,2024-05-21 23:00:00,0.0,0.0,,
1169.0,0,2024-05-22 00:00:00,0.0,0.0,,
1170.0,0,2024-05-22 01:00:00,0.0,0.0,,
1171.0,0,2024-05-22 02:00:00,0.0,0.0,,
1172.0,0,2024-05-22 03:00:00,0.0,0.0,,
1173.0,0,2024-05-22 04:00:00,0.0,0.0,,
1174.0,0,2024-05-22 05:00:00,0.0,0.0,,
1175.0,0,2024-05-22 06:00:00,0.0,0.0,,
1176.0,0,2024-05-22 07:00:00,0.0,0.0,,
1177.0,0,2024-05-22 08:00:00,0.0,0.0,,
1178.0,0,2024-05-22 09:00:00,0.0,0.0,,
1179.0,0,2024-05-22 10:00:00,0.0,0.0,,
1180.0,0,2024-05-22 11:00:00,0.0,0.0,,
1181.0,0,2024-05-22 12:00:00,0.0,0.0,,
1182.0,0,2024-05-22 13:00:00,0.0,0.0,,
1183.0,0,2024-05-22 14:00:00,0.0,0.0,,
1184.0,0,2024-05-22 15:00:00,0.0,0.0,,
1185.0,0,2024-05-22 16:00:00,0.0,0.0,,
1186.0,0,2024-05-22 17:00:00,0.0,0.0,,
1187.0,0,2024-05-22 18:00:00,0.0,0.0,,
1188.0,0,2024-05-22 19:00:00,0.0,0.0,,
1189.0,0,2024-05-22 20:00:00,0.0,0.0,,
1190.0,0,2024-05-22 21:00:00,0.0,0.0,,
1191.0,0,2024-05-22 22:00:00,0.0,0.0,,
1192.0,0,2024-05-22 23:00:00,0.0,0.0,,
1193.0,0,2024-05-23 00:00:00,0.0,0.0,,
1194.0,0,2024-05-23 01:00:00,0.0,0.0,,
1195.0,0,2024-05-23 02:00:00,0.0,0.0,,
1196.0,0,2024-05-23 03:00:00,0.0,0.0,,
1197.0,0,2024-05-23 04:00:00,0.0,0.0,,
1198.0,0,2024-05-23 05:00:00,0.0,0.0,,
1199.0,0,2024-05-23 06:00:00,0.0,0.0,,
1200.0,0,2024-05-23 07:00:00,0.0,0.0,,
1201.0,0,2024-05-23 08:00:00,0.0,0.0,,
1202.0,0,2024-05-23 09:00:00,0.0,0.0,,
1203.0,0,2024-05-23 10:00:00,0.0,0.0,,
1204.0,0,2024-05-23 11:00:00,0.0,0.0,,
1205.0,0,2024-05-23 12:00:00,0.0,0.0,,
1206.0,0,2024-05-23 13:00:00,0.0,0.0,,
1207.0,0,2024-05-23 14:00:00,0.0,0.0,,
1208.0,0,2024-05-23 15:00:00,0.0,0.0,,
1209.0,0,2024-05-23 16:00:00,0.0,0.0,,
1210.0,0,2024-05-23 17:00:00,0.0,0.0,,
1211.0,0,2024-05-23 18:00:00,0.0,0.0,,
1212.0,0,2024-05-23 19:00:00,0.0,0.0,,
1213.0,0,2024-05-23 20:00:00,0.0,0.0,,
1214.0,0,2024-05-23 21:00:00,0.0,0.0,,
1215.0,0,2024-05-23 22:00:00,0.0,0.0,,
1216.0,0,2024-05-23 23:00:00,0.0,0.0,,
1217.0,0,2024-05-24 00:00:00,0.0,0.0,,
1218.0,0,2024-05-24 01:00:00,0.0,0.0,,
1219.0,0,2024-05-24 02:00:00,0.0,0.0,,
1220.0,0,2024-05-24 03:00:00,0.0,0.0,,
1221.0,0,2024-05-24 04:00:00,0.0,0.0,,
1222.0,0,2024-05-24 05:00:00,0.0,0.0,,
1223.0,0,2024-05-24 06:00:00,0.0,0.0,,
1224.0,0,2024-05-24 07:00:00,0.0,0.0,,
1225.0,0,2024-05-24 08:00:00,0.0,0.0,,
1226.0,0,2024-05-24 09:00:00,0.0,0.0,,
1227.0,0,2024-05-24 10:00:00,0.0,0.0,,
1228.0,0,2024-05-24 11:00:00,0.0,0.0,,
1229.0,0,2024-05-24 12:00:00,0.0,0.0,,
1230.0,0,2024-05-24 13:00:00,0.0,0.0,,
1231.0,0,2024-05-24 14:00:00,0.0,0.0,,
1232.0,0,2024-05-24 15:00:00,0.0,0.0,,
1233.0,0,2024-05-24 16:00:00,0.0,0.0,,
1234.0,0,2024-05-24 17:00:00,0.0,0.0,,
1235.0,0,2024-05-24 18:00:00,0.0,0.0,,
1236.0,0,2024-05-24 19:00:00,0.0,0.0,,
1237.0,0,2024-05-24 20:00:00,0.0,0.0,,
1238.0,0,2024-05-24 21:00:00,0.0,0.0,,
1239.0,0,2024-05-24 22:00:00,0.0,0.0,,
1240.0,0,2024-05-24 23:00:00,0.0,0.0,,
1241.0,0,2024-05-25 00:00:00,0.0,0.0,,
1242.0,0,2024-05-25 01:00:00,0.0,0.0,,
1243.0,0,2024-05-25 02:00:00,0.0,0.0,,
1244.0,0,2024-05-25 03:00:00,0.0,0.0,,
1245.0,0,2024-05-25 04:00:00,0.0,0.0,,
1246.0,0,2024-05-25 05:00:00,0.0,0.0,,
1247.0,0,2024-05-25 06:00:00,0.0,0.0,,
1248.0,0,2024-05-25 07:00:00,0.0,0.0,,
1249.0,0,2024-05-25 08:00:00,0.0,0.0,,
1250.0,0,2024-05-25 09:00:00,0.0,0.0,,
1251.0,0,2024-05-25 10:00:00,0.0,0.0,,
1252.0,0,2024-05-25 11:00:00,0.0,0.0,,
1253.0,0,2024-05-25 12:00:00,0.0,0.0,,
1254.0,0,2024-05-25 13:00:00,0.0,0.0,,
1255.0,0,2024-05-25 14:00:00,0.0,0.0,,
1256.0,0,2024-05-25 15:00:00,0.0,0.0,,
1257.0,0,2024-05-25 16:00:00,0.0,0.0,,
1258.0,0,2024-05-25 17:00:00,0.0,0.0,,
1259.0,0,2024-05-25 18:00:00,0.0,0.0,,
1260.0,0,2024-05-25 19:00:00,0.0,0.0,,
1261.0,0,2024-05-25 20:00:00,0.0,0.0,,
1262.0,0,2024-05-25 21:00:00,0.0,0.0,,
1263.0,0,2024-05-25 22:00:00,0.0,0.0,,
1264.0,0,2024-05-25 23:00:00,0.0,0.0,,
1265.0,0,2024-05-26 00:00:00,0.0,0.0,,
1266.0,0,2024-05-26 01:00:00,0.0,0.0,,
1267.0,0,2024-05-26 02:00:00,0.0,0.0,,
1268.0,0,2024-05-26 03:00:00,0.0,0.0,,
1269.0,0,2024-05-26 04:00:00,0.0,0.0,,
1270.0,0,2024-05-26 05:00:00,0.0,0.0,,
1271.0,0,2024-05-26 06:00:00,0.0,0.0,,
1272.0,0,2024-05-26 07:00:00,0.0,0.0,,
1273.0,0,2024-05-26 08:00:00,0.0,0.0,,
1274.0,0,2024-05-26 09:00:00,0.0,0.0,,
1275.0,0,2024-05-26 10:00:00,0.0,0.0,,
1276.0,0,2024-05-26 11:00:00,0.0,0.0,,
1277.0,0,2024-05-26 12:00:00,0.0,0.0,,
1278.0,0,2024-05-26 13:00:00,0.0,0.0,,
1279.0,0,2024-05-26 14:00:00,0.0,0.0,,
1280.0,0,2024-05-26 15:00:00,0.0,0.0,,
1281.0,0,2024-05-26 16:00:00,0.0,0.0,,
1282.0,0,2024-05-26 17:00:00,0.0,0.0,,
1283.0,0,2024-05-26 18:00:00,0.0,0.0,,
1284.0,0,2024-05-26 19:00:00,0.0,0.0,,
1285.0,0,2024-05-26 20:00:00,0.0,0.0,,
1286.0,0,2024-05-26 21:00:00,0.0,0.0,,
1287.0,0,2024-05-26 22:00:00,0.0,0.0,,
1288.0,0,2024-05-26 23:00:00,0.0,0.0,,
1289.0,0,2024-05-27 00:00:00,0.0,0.0,,
1290.0,0,2024-05-27 01:00:00,0.0,0.0,,
1291.0,0,2024-05-27 02:00:00,0.0,0.0,,
1292.0,0,2024-05-27 03:00:00,0.0,0.0,,
1293.0,0,2024-05-27 04:00:00,0.0,0.0,,
1294.0,0,2024-05-27 05:00:00,0.0,0.0,,
1295.0,0,2024-05-27 06:00:00,0.0,0.0,,
1296.0,0,2024-05-27 07:00:00,0.0,0.0,,
1297.0,0,2024-05-27 08:00:00,0.0,0.0,,
1298.0,0,2024-05-27 09:00:00,0.0,0.0,,
1299.0,0,2024-05-27 10:00:00,0.0,0.0,,
1300.0,0,2024-05-27 11:00:00,0.0,0.0,,
1301.0,0,2024-05-27 12:00:00,0.0,0.0,,
1302.0,0,2024-05-27 13:00:00,0.0,0.0,,
1303.0,0,2024-05-27 14:00:00,0.0,0.0,,
1304.0,0,2024-05-27 15:00:00,0.0,0.0,,
1305.0,0,2024-05-27 16:00:00,0.0,0.0,,
1306.0,0,2024-05-27 17:00:00,0.0,0.0,,
1307.0,0,2024-05-27 18:00:00,0.0,0.0,,
1308.0,0,2024-05-27 19:00:00,0.0,0.0,,
1309.0,0,2024-05-27 20:00:00,0.0,0.0,,
1310.0,0,2024-05-27 21:00:00,0.0,0.0,,
1311.0,0,2024-05-27 22:00:00,0.0,0.0,,
1312.0,0,2024-05-27 23:00:00,0.0,0.0,,
1313.0,0,2024-05-28 00:00:00,0.0,0.0,,
1314.0,0,2024-05-28 01:00:00,0.0,0.0,,
1315.0,0,2024-05-28 02:00:00,0.0,0.0,,
1316.0,0,2024-05-28 03:00:00,0.0,0.0,,
1317.0,0,2024-05-28 04:00:00,0.0,0.0,,
1318.0,0,2024-05-28 05:00:00,0.0,0.0,,
1319.0,0,2024-05-28 06:00:00,0.0,0.0,,
1320.0,0,2024-05-28 07:00:00,0.0,0.0,,
1321.0,0,2024-05-28 08:00:00,0.0,0.0,,
1322.0,0,2024-05-28 09:00:00,0.0,0.0,,
1323.0,0,2024-05-28 10:00:00,0.0,0.0,,
1324.0,0,2024-05-28 11:00:00,0.0,0.0,,
1325.0,0,2024-05-28 12:00:00,0.0,0.0,,
1326.0,0,2024-05-28 13:00:00,0.0,0.0,,
1327.0,0,2024-05-28 14:00:00,0.0,0.0,,
1328.0,0,2024-05-28 15:00:00,0.0,0.0,,
1329.0,0,2024-05-28 16:00:00,0.0,0.0,,
1330.0,0,2024-05-28 17:00:00,0.0,0.0,,
1331.0,0,2024-05-28 18:00:00,0.0,0.0,,
1332.0,0,2024-05-28 19:00:00,0.0,0.0,,
1333.0,0,2024-05-28 20:00:00,0.0,0.0,,
1334.0,0,2024-05-28 21:00:00,0.0,0.0,,
1335.0,0,2024-05-28 22:00:00,0.0,0.0,,
1336.0,0,2024-05-28 23:00:00,0.0,0.0,,
1337.0,0,2024-05-29 00:00:00,0.0,0.0,,
1338.0,0,2024-05-29 01:00:00,0.0,0.0,,
1339.0,0,2024-05-29 02:00:00,0.0,0.0,,
1340.0,0,2024-05-29 03:00:00,0.0,0.0,,
1341.0,0,2024-05-29 04:00:00,0.0,0.0,,
1342.0,0,2024-05-29 05:00:00,0.0,0.0,,
1343.0,0,2024-05-29 06:00:00,0.0,0.0,,
1344.0,0,2024-05-29 07:00:00,0.0,0.0,,
1345.0,0,2024-05-29 08:00:00,0.0,0.0,,
1346.0,0,2024-05-29 09:00:00,0.0,0.0,,
1347.0,0,2024-05-29 10:00:00,0.0,0.0,,
1348.0,0,2024-05-29 11:00:00,0.0,0.0,,
1349.0,0,2024-05-29 12:00:00,0.0,0.0,,
1350.0,0,2024-05-29 13:00:00,0.0,0.0,,
1351.0,0,2024-05-29 14:00:00,0.0,0.0,,
1352.0,0,2024-05-29 15:00:00,0.0,0.0,,
1353.0,0,2024-05-29 16:00:00,0.0,0.0,,
1354.0,0,2024-05-29 17:00:00,0.0,0.0,,
1355.0,0,2024-05-29 18:00:00,0.0,0.0,,
1356.0,0,2024-05-29 19:00:00,0.0,0.0,,
1357.0,0,2024-05-29 20:00:00,0.0,0.0,,
1358.0,0,2024-05-29 21:00:00,0.0,0.0,,
1359.0,0,2024-05-29 22:00:00,0.0,0.0,,
1360.0,0,2024-05-29 23:00:00,0.0,0.0,,
1361.0,0,2024-05-30 00:00:00,0.0,0.0,,
1362.0,0,2024-05-30 01:00:00,0.0,0.0,,
1363.0,0,2024-05-30 02:00:00,0.0,0.0,,
1364.0,0,2024-05-30 03:00:00,0.0,0.0,,
1365.0,0,2024-05-30 04:00:00,0.0,0.0,,
1366.0,0,2024-05-30 05:00:00,0.0,0.0,,
1367.0,0,2024-05-30 06:00:00,0.0,0.0,,
1368.0,0,2024-05-30 07:00:00,0.0,0.0,,
1369.0,0,2024-05-30 08:00:00,0.0,0.0,,
1370.0,0,2024-05-30 09:00:00,0.0,0.0,,
1371.0,0,2024-05-30 10:00:00,0.0,0.0,,
1372.0,0,2024-05-30 11:00:00,0.0,0.0,,
1373.0,0,2024-05-30 12:00:00,0.0,0.0,,
1374.0,0,2024-05-30 13:00:00,0.0,0.0,,
1375.0,0,2024-05-30 14:00:00,0.0,0.0,,
1376.0,0,2024-05-30 15:00:00,0.0,0.0,,
1377.0,0,2024-05-30 16:00:00,0.0,0.0,,
1378.0,0,2024-05-30 17:00:00,0.0,0.0,,
1379.0,0,2024-05-30 18:00:00,0.0,0.0,,
1380.0,0,2024-05-30 19:00:00,0.0,0.0,,
1381.0,0,2024-05-30 20:00:00,0.0,0.0,,
1382.0,0,2024-05-30 21:00:00,0.0,0.0,,
1383.0,0,2024-05-30 22:00:00,0.0,0.0,,
1384.0,0,2024-05-30 23:00:00,0.0,0.0,,
1385.0,0,2024-05-31 00:00:00,0.0,0.0,,
1386.0,0,2024-05-31 01:00:00,0.0,0.0,,
1387.0,0,2024-05-31 02:00:00,0.0,0.0,,
1388.0,0,2024-05-31 03:00:00,0.0,0.0,,
1389.0,0,2024-05-31 04:00:00,0.0,0.0,,
1390.0,0,2024-05-31 05:00:00,0.0,0.0,,
1391.0,0,2024-05-31 06:00:00,0.0,0.0,,
1392.0,0,2024-05-31 07:00:00,0.0,0.0,,
1393.0,0,2024-05-31 08:00:00,0.0,0.0,,
1394.0,0,2024-05-31 09:00:00,0.0,0.0,,
1395.0,0,2024-05-31 10:00:00,0.0,0.0,,
1396.0,0,2024-05-31 11:00:00,0.0,0.0,,
1397.0,0,2024-05-31 12:00:00,0.0,0.0,,
1398.0,0,2024-05-31 13:00:00,0.0,0.0,,
1399.0,0,2024-05-31 14:00:00,0.0,0.0,,
1400.0,0,2024-05-31 15:00:00,0.0,0.0,,
1401.0,0,2024-05-31 16:00:00,0.0,0.0,,
1402.0,0,2024-05-31 17:00:00,0.0,0.0,,
1403.0,0,2024-05-31 18:00:00,0.0,0.0,,
1404.0,0,2024-05-31 19:00:00,0.0,0.0,,
1405.0,0,2024-05-31 20:00:00,0.0,0.0,,
1406.0,0,2024-05-31 21:00:00,0.0,0.0,,
1407.0,0,2024-05-31 22:00:00,0.0,0.0,,
1408.0,0,2024-05-31 23:00:00,0.0,0.0,,
1409.0,0,2024-06-01 00:00:00,0.0,0.0,,
1410.0,0,2024-06-01 01:00:00,0.0,0.0,,
1411.0,0,2024-06-01 02:00:00,0.0,0.0,,
1412.0,0,2024-06-01 03:00:00,0.0,0.0,,
1413.0,0,2024-06-01 04:00:00,0.0,0.0,,
1414.0,0,2024-06-01 05:00:00,0.0,0.0,,
1415.0,0,2024-06-01 06:00:00,0.0,0.0,,
1416.0,0,2024-06-01 07:00:00,0.0,0.0,,
1417.0,0,2024-06-01 08:00:00,0.0,0.0,,
1418.0,0,2024-06-01 09:00:00,0.0,0.0,,
1419.0,0,2024-06-01 10:00:00,0.0,0.0,,
1420.0,0,2024-06-01 11:00:00,0.0,0.0,,
1421.0,0,2024-06-01 12:00:00,0.0,0.0,,
1422.0,0,2024-06-01 13:00:00,0.0,0.0,,
1423.0,0,2024-06-01 14:00:00,0.0,0.0,,
1424.0,0,2024-06-01 15:00:00,0.0,0.0,,
1425.0,0,2024-06-01 16:00:00,0.0,0.0,,
1426.0,0,2024-06-01 17:00:00,0.0,0.0,,
1427.0,0,2024-06-01 18:00:00,0.0,0.0,,
1428.0,0,2024-06-01 19:00:00,0.0,0.0,,
1429.0,0,2024-06-01 20:00:00,0.0,0.0,,
1430.0,0,2024-06-01 21:00:00,0.0,0.0,,
1431.0,0,2024-06-01 22:00:00,0.0,0.0,,
1432.0,0,2024-06-01 23:00:00,0.0,0.0,,
1433.0,0,2024-06-02 00:00:00,0.0,0.0,,
1434.0,0,2024-06-02 01:00:00,0.0,0.0,,
1435.0,0,2024-06-02 02:00:00,0.0,0.0,,
1436.0,0,2024-06-02 03:00:00,0.0,0.0,,
1437.0,0,2024-06-02 04:00:00,0.0,0.0,,
1438.0,0,2024-06-02 05:00:00,0.0,0.0,,
1439.0,0,2024-06-02 06:00:00,0.0,0.0,,
1440.0,0,2024-06-02 07:00:00,0.0,0.0,,
1441.0,0,2024-06-02 08:00:00,0.0,0.0,,
1442.0,0,2024-06-02 09:00:00,0.0,0.0,,
1443.0,0,2024-06-02 10:00:00,0.0,0.0,,
1444.0,0,2024-06-02 11:00:00,0.0,0.0,,
1445.0,0,2024-06-02 12:00:00,0.0,0.0,,
1446.0,0,2024-06-02 13:00:00,0.0,0.0,,
1447.0,0,2024-06-02 14:00:00,0.0,0.0,,
1448.0,0,2024-06-02 15:00:00,0.0,0.0,,
1449.0,0,2024-06-02 16:00:00,0.0,0.0,,
1450.0,0,2024-06-02 17:00:00,0.0,0.0,,
1451.0,0,2024-06-02 18:00:00,0.0,0.0,,
1452.0,0,2024-06-02 19:00:00,0.0,0.0,,
1453.0,0,2024-06-02 20:00:00,0.0,0.0,,
1454.0,0,2024-06-02 21:00:00,0.0,0.0,,
1455.0,0,2024-06-02 22:00:00,0.0,0.0,,
1456.0,0,2024-06-02 23:00:00,0.0,0.0,,
1457.0,0,2024-06-03 00:00:00,0.0,0.0,,
1458.0,0,2024-06-03 01:00:00,0.0,0.0,,
1459.0,0,2024-06-03 02:00:00,0.0,0.0,,
1460.0,0,2024-06-03 03:00:00,0.0,0.0,,
1461.0,0,2024-06-03 04:00:00,0.0,0.0,,
1462.0,0,2024-06-03 05:00:00,0.0,0.0,,
1463.0,0,2024-06-03 06:00:00,0.0,0.0,,
1464.0,0,2024-06-03 07:00:00,0.0,0.0,,
1465.0,0,2024-06-03 08:00:00,0.0,0.0,,
1466.0,0,2024-06-03 09:00:00,0.0,0.0,,
1467.0,0,2024-06-03 10:00:00,0.0,0.0,,
1468.0,0,2024-06-03 11:00:00,0.0,0.0,,
1469.0,0,2024-06-03 12:00:00,0.0,0.0,,
1470.0,0,2024-06-03 13:00:00,0.0,0.0,,
1471.0,0,2024-06-03 14:00:00,0.0,0.0,,
1472.0,0,2024-06-03 15:00:00,0.0,0.0,,
1473.0,0,2024-06-03 16:00:00,0.0,0.0,,
1474.0,0,2024-06-03 17:00:00,0.0,0.0,,
1475.0,0,2024-06-03 18:00:00,0.0,0.0,,
1476.0,0,2024-06-03 19:00:00,0.0,0.0,,
1477.0,0,2024-06-03 20:00:00,0.0,0.0,,
1478.0,0,2024-06-03 21:00:00,0.0,0.0,,
1479.0,0,2024-06-03 22:00:00,0.0,0.0,,
1480.0,0,2024-06-03 23:00:00,0.0,0.0,,
1481.0,0,2024-06-04 00:00:00,0.0,0.0,,
1482.0,0,2024-06-04 01:00:00,0.0,0.0,,
1483.0,0,2024-06-04 02:00:00,0.0,0.0,,
1484.0,0,2024-06-04 03:00:00,0.0,0.0,,
1485.0,0,2024-06-04 04:00:00,0.0,0.0,,
1486.0,0,2024-06-04 05:00:00,0.0,0.0,,
1487.0,0,2024-06-04 06:00:00,0.0,0.0,,
1488.0,0,2024-06-04 07:00:00,0.0,0.0,,
1489.0,0,2024-06-04 08:00:00,0.0,0.0,,
1490.0,0,2024-06-04 09:00:00,0.0,0.0,,
1491.0,0,2024-06-04 10:00:00,0.0,0.0,,
1492.0,0,2024-06-04 11:00:00,0.0,0.0,,
1493.0,0,2024-06-04 12:00:00,0.0,0.0,,
1494.0,0,2024-06-04 13:00:00,0.0,0.0,,
1495.0,0,2024-06-04 14:00:00,0.0,0.0,,
1496.0,0,2024-06-04 15:00:00,0.0,0.0,,
1497.0,0,2024-06-04 16:00:00,0.0,0.0,,
1498.0,0,2024-06-04 17:00:00,0.0,0.0,,
1499.0,0,2024-06-04 18:00:00,0.0,0.0,,
1500.0,0,2024-06-04 19:00:00,0.0,0.0,,
1501.0,0,2024-06-04 20:00:00,0.0,0.0,,
1502.0,0,2024-06-04 21:00:00,0.0,0.0,,
1503.0,0,2024-06-04 22:00:00,0.0,0.0,,
1504.0,0,2024-06-04 23:00:00,0.0,0.0,,
1505.0,0,2024-06-05 00:00:00,0.0,0.0,,
1506.0,0,2024-06-05 01:00:00,0.0,0.0,,
1507.0,0,2024-06-05 02:00:00,0.0,0.0,,
1508.0,0,2024-06-05 03:00:00,0.0,0.0,,
1509.0,0,2024-06-05 04:00:00,0.0,0.0,,
1510.0,0,2024-06-05 05:00:00,0.0,0.0,,
1511.0,0,2024-06-05 06:00:00,0.0,0.0,,
1512.0,0,2024-06-05 07:00:00,0.0,0.0,,
1513.0,0,2024-06-05 08:00:00,0.0,0.0,,
1514.0,0,2024-06-05 09:00:00,0.0,0.0,,
1515.0,0,2024-06-05 10:00:00,0.0,0.0,,
1516.0,0,2024-06-05 11:00:00,0.0,0.0,,
1517.0,0,2024-06-05 12:00:00,0.0,0.0,,
1518.0,0,2024-06-05 13:00:00,0.0,0.0,,
1519.0,0,2024-06-05 14:00:00,0.0,0.0,,
1520.0,0,2024-06-05 15:00:00,0.0,0.0,,
1521.0,0,2024-06-05 16:00:00,0.0,0.0,,
1522.0,0,2024-06-05 17:00:00,0.0,0.0,,
1523.0,0,2024-06-05 18:00:00,0.0,0.0,,
1524.0,0,2024-06-05 19:00:00,0.0,0.0,,
1525.0,0,2024-06-05 20:00:00,0.0,0.0,,
1526.0,0,2024-06-05 21:00:00,0.0,0.0,,
1527.0,0,2024-06-05 22:00:00,0.0,0.0,,
1528.0,0,2024-06-05 23:00:00,0.0,0.0,,
1529.0,0,2024-06-06 00:00:00,0.0,0.0,,
1530.0,0,2024-06-06 01:00:00,0.0,0.0,,
1531.0,0,2024-06-06 02:00:00,0.0,0.0,,
1532.0,0,2024-06-06 03:00:00,0.0,0.0,,
1533.0,0,2024-06-06 04:00:00,0.0,0.0,,
1534.0,0,2024-06-06 05:00:00,0.0,0.0,,
1535.0,0,2024-06-06 06:00:00,0.0,0.0,,
1536.0,0,2024-06-06 07:00:00,0.0,0.0,,
1537.0,0,2024-06-06 08:00:00,0.0,0.0,,
1538.0,0,2024-06-06 09:00:00,0.0,0.0,,
1539.0,0,2024-06-06 10:00:00,0.0,0.0,,
1540.0,0,2024-06-06 11:00:00,0.0,0.0,,
1541.0,0,2024-06-06 12:00:00,0.0,0.0,,
1542.0,0,2024-06-06 13:00:00,0.0,0.0,,
1543.0,0,2024-06-06 14:00:00,0.0,0.0,,
1544.0,0,2024-06-06 15:00:00,0.0,0.0,,
1545.0,0,2024-06-06 16:00:00,0.0,0.0,,
1546.0,0,2024-06-06 17:00:00,0.0,0.0,,
1547.0,0,2024-06-06 18:00:00,0.0,0.0,,
1548.0,0,2024-06-06 19:00:00,0.0,0.0,,
1549.0,0,2024-06-06 20:00:00,0.0,0.0,,
1550.0,0,2024-06-06 21:00:00,0.0,0.0,,
1551.0,0,2024-06-06 22:00:00,0.0,0.0,,
1552.0,0,2024-06-06 23:00:00,0.0,0.0,,
1553.0,0,2024-06-07 00:00:00,0.0,0.0,,
1554.0,0,2024-06-07 01:00:00,0.0,0.0,,
1555.0,0,2024-06-07 02:00:00,0.0,0.0,,
1556.0,0,2024-06-07 03:00:00,0.0,0.0,,
1557.0,0,2024-06-07 04:00:00,0.0,0.0,,
1558.0,0,2024-06-07 05:00:00,0.0,0.0,,
1559.0,0,2024-06-07 06:00:00,0.0,0.0,,
1560.0,0,2024-06-07 07:00:00,0.0,0.0,,
1561.0,0,2024-06-07 08:00:00,0.0,0.0,,
1562.0,0,2024-06-07 09:00:00,0.0,0.0,,
1563.0,0,2024-06-07 10:00:00,0.0,0.0,,
1564.0,0,2024-06-07 11:00:00,0.0,0.0,,
1565.0,0,2024-06-07 12:00:00,0.0,0.0,,
1566.0,0,2024-06-07 13:00:00,0.0,0.0,,
1567.0,0,2024-06-07 14:00:00,0.0,0.0,,
1568.0,0,2024-06-07 15:00:00,0.0,0.0,,
1569.0,0,2024-06-07 16:00:00,0.0,0.0,,
1570.0,0,2024-06-07 17:00:00,0.0,0.0,,
1571.0,0,2024-06-07 18:00:00,0.0,0.0,,
1572.0,0,2024-06-07 19:00:00,0.0,0.0,,
1573.0,0,2024-06-07 20:00:00,0.0,0.0,,
1574.0,0,2024-06-07 21:00:00,0.0,0.0,,
1575.0,0,2024-06-07 22:00:00,0.0,0.0,,
1576.0,0,2024-06-07 23:00:00,0.0,0.0,,
1577.0,0,2024-06-08 00:00:00,0.0,0.0,,
1578.0,0,2024-06-08 01:00:00,0.0,0.0,,
1579.0,0,2024-06-08 02:00:00,0.0,0.0,,
1580.0,0,2024-06-08 03:00:00,0.0,0.0,,
1581.0,0,2024-06-08 04:00:00,0.0,0.0,,
1582.0,0,2024-06-08 05:00:00,0.0,0.0,,
1583.0,0,2024-06-08 06:00:00,0.0,0.0,,
1584.0,0,2024-06-08 07:00:00,0.0,0.0,,
1585.0,0,2024-06-08 08:00:00,0.0,0.0,,
1586.0,0,2024-06-08 09:00:00,0.0,0.0,,
1587.0,0,2024-06-08 10:00:00,0.0,0.0,,
1588.0,0,2024-06-08 11:00:00,0.0,0.0,,
1589.0,0,2024-06-08 12:00:00,0.0,0.0,,
1590.0,0,2024-06-08 13:00:00,0.0,0.0,,
1591.0,0,2024-06-08 14:00:00,0.0,0.0,,
1592.0,0,2024-06-08 15:00:00,0.0,0.0,,
1593.0,0,2024-06-08 16:00:00,0.0,0.0,,
1594.0,0,2024-06-08 17:00:00,0.0,0.0,,
1595.0,0,2024-06-08 18:00:00,0.0,0.0,,
1596.0,0,2024-06-08 19:00:00,0.0,0.0,,
1597.0,0,2024-06-08 20:00:00,0.0,0.0,,
1598.0,0,2024-06-08 21:00:00,0.0,0.0,,
1599.0,0,2024-06-08 22:00:00,0.0,0.0,,
1600.0,0,2024-06-08 23:00:00,0.0,0.0,,
1601.0,0,2024-06-09 00:00:00,0.0,0.0,,
1602.0,0,2024-06-09 01:00:00,0.0,0.0,,
1603.0,0,2024-06-09 02:00:00,0.0,0.0,,
1604.0,0,2024-06-09 03:00:00,0.0,0.0,,
1605.0,0,2024-06-09 04:00:00,0.0,0.0,,
1606.0,0,2024-06-09 05:00:00,0.0,0.0,,
1607.0,0,2024-06-09 06:00:00,0.0,0.0,,
1608.0,0,2024-06-09 07:00:00,0.0,0.0,,
1609.0,0,2024-06-09 08:00:00,0.0,0.0,,
1610.0,0,2024-06-09 09:00:00,0.0,0.0,,
1611.0,0,2024-06-09 10:00:00,0.0,0.0,,
1612.0,0,2024-06-09 11:00:00,0.0,0.0,,
1613.0,0,2024-06-09 12:00:00,0.0,0.0,,
1614.0,0,2024-06-09 13:00:00,0.0,0.0,,
1615.0,0,2024-06-09 14:00:00,0.0,0.0,,
1616.0,0,2024-06-09 15:00:00,0.0,0.0,,
1617.0,0,2024-06-09 16:00:00,0.0,0.0,,
1618.0,0,2024-06-09 17:00:00,0.0,0.0,,
1619.0,0,2024-06-09 18:00:00,0.0,0.0,,
1620.0,0,2024-06-09 19:00:00,0.0,0.0,,
1621.0,0,2024-06-09 20:00:00,0.0,0.0,,
1622.0,0,2024-06-09 21:00:00,0.0,0.0,,
1623.0,0,2024-06-09 22:00:00,0.0,0.0,,
1624.0,0,2024-06-09 23:00:00,0.0,0.0,,
1625.0,0,2024-06-10 00:00:00,0.0,0.0,,
1626.0,0,2024-06-10 01:00:00,0.0,0.0,,
1627.0,0,2024-06-10 02:00:00,0.0,0.0,,
1628.0,0,2024-06-10 03:00:00,0.0,0.0,,
1629.0,0,2024-06-10 04:00:00,0.0,0.0,,
1630.0,0,2024-06-10 05:00:00,0.0,0.0,,
1631.0,0,2024-06-10 06:00:00,0.0,0.0,,
1632.0,0,2024-06-10 07:00:00,0.0,0.0,,
1633.0,0,2024-06-10 08:00:00,0.0,0.0,,
1634.0,0,2024-06-10 09:00:00,0.0,0.0,,
1635.0,0,2024-06-10 10:00:00,0.0,0.0,,
1636.0,0,2024-06-10 11:00:00,0.0,0.0,,
1637.0,0,2024-06-10 12:00:00,0.0,0.0,,
1638.0,0,2024-06-10 13:00:00,0.0,0.0,,
1639.0,0,2024-06-10 14:00:00,0.0,0.0,,
1640.0,0,2024-06-10 15:00:00,0.0,0.0,,
1641.0,0,2024-06-10 16:00:00,0.0,0.0,,
1642.0,0,2024-06-10 17:00:00,0.0,0.0,,
1643.0,0,2024-06-10 18:00:00,0.0,0.0,,
1644.0,0,2024-06-10 19:00:00,0.0,0.0,,
1645.0,0,2024-06-10 20:00:00,0.0,0.0,,
1646.0,0,2024-06-10 21:00:00,0.0,0.0,,
1647.0,0,2024-06-10 22:00:00,0.0,0.0,,
1648.0,0,2024-06-10 23:00:00,0.0,0.0,,
1649.0,0,2024-06-11 00:00:00,0.0,0.0,,
1650.0,0,2024-06-11 01:00:00,0.0,0.0,,
1651.0,0,2024-06-11 02:00:00,0.0,0.0,,
1652.0,0,2024-06-11 03:00:00,0.0,0.0,,
1653.0,0,2024-06-11 04:00:00,0.0,0.0,,
1654.0,0,2024-06-11 05:00:00,0.0,0.0,,
1655.0,0,2024-06-11 06:00:00,0.0,0.0,,
1656.0,0,2024-06-11 07:00:00,0.0,0.0,,
1657.0,0,2024-06-11 08:00:00,0.0,0.0,,
1658.0,0,2024-06-11 09:00:00,0.0,0.0,,
1659.0,0,2024-06-11 10:00:00,0.0,0.0,,
1660.0,0,2024-06-11 11:00:00,0.0,0.0,,
1661.0,0,2024-06-11 12:00:00,0.0,0.0,,
1662.0,0,2024-06-11 13:00:00,0.0,0.0,,
1663.0,0,2024-06-11 14:00:00,0.0,0.0,,
1664.0,0,2024-06-11 15:00:00,0.0,0.0,,
1665.0,0,2024-06-11 16:00:00,0.0,0.0,,
1666.0,0,2024-06-11 17:00:00,0.0,0.0,,
1667.0,0,2024-06-11 18:00:00,0.0,0.0,,
1668.0,0,2024-06-11 19:00:00,0.0,0.0,,
1669.0,0,2024-06-11 20:00:00,0.0,0.0,,
1670.0,0,2024-06-11 21:00:00,0.0,0.0,,
1671.0,0,2024-06-11 22:00:00,0.0,0.0,,
1672.0,0,2024-06-11 23:00:00,0.0,0.0,,
1673.0,0,2024-06-12 00:00:00,0.0,0.0,,
1674.0,0,2024-06-12 01:00:00,0.0,0.0,,
1675.0,0,2024-06-12 02:00:00,0.0,0.0,,
1676.0,0,2024-06-12 03:00:00,0.0,0.0,,
1677.0,0,2024-06-12 04:00:00,0.0,0.0,,
1678.0,0,2024-06-12 05:00:00,0.0,0.0,,
1679.0,0,2024-06-12 06:00:00,0.0,0.0,,
1680.0,0,2024-06-12 07:00:00,0.0,0.0,,
1681.0,0,2024-06-12 08:00:00,0.0,0.0,,
1682.0,0,2024-06-12 09:00:00,0.0,0.0,,
1683.0,0,2024-06-12 10:00:00,0.0,0.0,,
1684.0,0,2024-06-12 11:00:00,0.0,0.0,,
1685.0,0,2024-06-12 12:00:00,0.0,0.0,,
1686.0,0,2024-06-12 13:00:00,0.0,0.0,,
1687.0,0,2024-06-12 14:00:00,0.0,0.0,,
1688.0,0,2024-06-12 15:00:00,0.0,0.0,,
1689.0,0,2024-06-12 16:00:00,0.0,0.0,,
1690.0,0,2024-06-12 17:00:00,0.0,0.0,,
1691.0,0,2024-06-12 18:00:00,0.0,0.0,,
1692.0,0,2024-06-12 19:00:00,0.0,0.0,,
1693.0,0,2024-06-12 20:00:00,0.0,0.0,,
1694.0,0,2024-06-12 21:00:00,0.0,0.0,,
1695.0,0,2024-06-12 22:00:00,0.0,0.0,,
1696.0,0,2024-06-12 23:00:00,0.0,0.0,,
1697.0,0,2024-06-13 00:00:00,0.0,0.0,,
1698.0,0,2024-06-13 01:00:00,0.0,0.0,,
1699.0,0,2024-06-13 02:00:00,0.0,0.0,,
1700.0,0,2024-06-13 03:00:00,0.0,0.0,,
1701.0,0,2024-06-13 04:00:00,0.0,0.0,,
1702.0,0,2024-06-13 05:00:00,0.0,0.0,,
1703.0,0,2024-06-13 06:00:00,0.0,0.0,,
1704.0,0,2024-06-13 07:00:00,0.0,0.0,,
1705.0,0,2024-06-13 08:00:00,0.0,0.0,,
1706.0,0,2024-06-13 09:00:00,0.0,0.0,,
1707.0,0,2024-06-13 10:00:00,0.0,0.0,,
1708.0,0,2024-06-13 11:00:00,0.0,0.0,,
1709.0,0,2024-06-13 12:00:00,0.0,0.0,,
1710.0,0,2024-06-13 13:00:00,0.0,0.0,,
1711.0,0,2024-06-13 14:00:00,0.0,0.0,,
1712.0,0,2024-06-13 15:00:00,0.0,0.0,,
1713.0,0,2024-06-13 16:00:00,0.0,0.0,,
1714.0,0,2024-06-13 17:00:00,0.0,0.0,,
1715.0,0,2024-06-13 18:00:00,0.0,0.0,,
1716.0,0,2024-06-13 19:00:00,0.0,0.0,,
1717.0,0,2024-06-13 20:00:00,0.0,0.0,,
1718.0,0,2024-06-13 21:00:00,0.0,0.0,,
1719.0,0,2024-06-13 22:00:00,0.0,0.0,,
1720.0,0,2024-06-13 23:00:00,0.0,0.0,,
1721.0,0,2024-06-14 00:00:00,0.0,0.0,,
1722.0,0,2024-06-14 01:00:00,0.0,0.0,,
1723.0,0,2024-06-14 02:00:00,0.0,0.0,,
1724.0,0,2024-06-14 03:00:00,0.0,0.0,,
1725.0,0,2024-06-14 04:00:00,0.0,0.0,,
1726.0,0,2024-06-14 05:00:00,0.0,0.0,,
1727.0,0,2024-06-14 06:00:00,0.0,0.0,,
1728.0,0,2024-06-14 07:00:00,0.0,0.0,,
1729.0,0,2024-06-14 08:00:00,0.0,0.0,,
1730.0,0,2024-06-14 09:00:00,0.0,0.0,,
1731.0,0,2024-06-14 10:00:00,0.0,0.0,,
1732.0,0,2024-06-14 11:00:00,0.0,0.0,,
1733.0,0,2024-06-14 12:00:00,0.0,0.0,,
1734.0,0,2024-06-14 13:00:00,0.0,0.0,,
1735.0,0,2024-06-14 14:00:00,0.0,0.0,,
1736.0,0,2024-06-14 15:00:00,0.0,0.0,,
1737.0,0,2024-06-14 16:00:00,0.0,0.0,,
1738.0,0,2024-06-14 17:00:00,0.0,0.0,,
1739.0,0,2024-06-14 18:00:00,0.0,0.0,,
1740.0,0,2024-06-14 19:00:00,0.0,0.0,,
1741.0,0,2024-06-14 20:00:00,0.0,0.0,,
1742.0,0,2024-06-14 21:00:00,0.0,0.0,,
1743.0,0,2024-06-14 22:00:00,0.0,0.0,,
1744.0,0,2024-06-14 23:00:00,0.0,0.0,,
1745.0,0,2024-06-15 00:00:00,0.0,0.0,,
1746.0,0,2024-06-15 01:00:00,0.0,0.0,,
1747.0,0,2024-06-15 02:00:00,0.0,0.0,,
1748.0,0,2024-06-15 03:00:00,0.0,0.0,,
1749.0,0,2024-06-15 04:00:00,0.0,0.0,,
1750.0,0,2024-06-15 05:00:00,0.0,0.0,,
1751.0,0,2024-06-15 06:00:00,0.0,0.0,,
1752.0,0,2024-06-15 07:00:00,0.0,0.0,,
1753.0,0,2024-06-15 08:00:00,0.0,0.0,,
1754.0,0,2024-06-15 09:00:00,0.0,0.0,,
1755.0,0,2024-06-15 10:00:00,0.0,0.0,,
1756.0,0,2024-06-15 11:00:00,0.0,0.0,,
1757.0,0,2024-06-15 12:00:00,0.0,0.0,,
1758.0,0,2024-06-15 13:00:00,0.0,0.0,,
1759.0,0,2024-06-15 14:00:00,0.0,0.0,,
1760.0,0,2024-06-15 15:00:00,0.0,0.0,,
1761.0,0,2024-06-15 16:00:00,0.0,0.0,,
1762.0,0,2024-06-15 17:00:00,0.0,0.0,,
1763.0,0,2024-06-15 18:00:00,0.0,0.0,,
1764.0,0,2024-06-15 19:00:00,0.0,0.0,,
1765.0,0,2024-06-15 20:00:00,0.0,0.0,,
1766.0,0,2024-06-15 21:00:00,0.0,0.0,,
1767.0,0,2024-06-15 22:00:00,0.0,0.0,,
1768.0,0,2024-06-15 23:00:00,0.0,0.0,,
1769.0,0,2024-06-16 00:00:00,0.0,0.0,,
1770.0,0,2024-06-16 01:00:00,0.0,0.0,,
1771.0,0,2024-06-16 02:00:00,0.0,0.0,,
1772.0,0,2024-06-16 03:00:00,0.0,0.0,,
1773.0,0,2024-06-16 04:00:00,0.0,0.0,,
1774.0,0,2024-06-16 05:00:00,0.0,0.0,,
1775.0,0,2024-06-16 06:00:00,0.0,0.0,,
1776.0,0,2024-06-16 07:00:00,0.0,0.0,,
1777.0,0,2024-06-16 08:00:00,0.0,0.0,,
1778.0,0,2024-06-16 09:00:00,0.0,0.0,,
1779.0,0,2024-06-16 10:00:00,0.0,0.0,,
1780.0,0,2024-06-16 11:00:00,0.0,0.0,,
1781.0,0,2024-06-16 12:00:00,0.0,0.0,,
1782.0,0,2024-06-16 13:00:00,0.0,0.0,,
1783.0,0,2024-06-16 14:00:00,0.0,0.0,,
1784.0,0,2024-06-16 15:00:00,0.0,0.0,,
1785.0,0,2024-06-16 16:00:00,0.0,0.0,,
1786.0,0,2024-06-16 17:00:00,0.0,0.0,,
1787.0,0,2024-06-16 18:00:00,0.0,0.0,,
1788.0,0,2024-06-16 19:00:00,0.0,0.0,,
1789.0,0,2024-06-16 20:00:00,0.0,0.0,,
1790.0,0,2024-06-16 21:00:00,0.0,0.0,,
1791.0,0,2024-06-16 22:00:00,0.0,0.0,,
1792.0,0,2024-06-16 23:00:00,0.0,0.0,,
1793.0,0,2024-06-17 00:00:00,0.0,0.0,,
1794.0,0,2024-06-17 01:00:00,0.0,0.0,,
1795.0,0,2024-06-17 02:00:00,0.0,0.0,,
1796.0,0,2024-06-17 03:00:00,0.0,0.0,,
1797.0,0,2024-06-17 04:00:00,0.0,0.0,,
1798.0,0,2024-06-17 05:00:00,0.0,0.0,,
1799.0,0,2024-06-17 06:00:00,0.0,0.0,,
1800.0,0,2024-06-17 07:00:00,0.0,0.0,,
1801.0,0,2024-06-17 08:00:00,0.0,0.0,,
1802.0,0,2024-06-17 09:00:00,0.0,0.0,,
1803.0,0,2024-06-17 10:00:00,0.0,0.0,,
1804.0,0,2024-06-17 11:00:00,0.0,0.0,,
1805.0,0,2024-06-17 12:00:00,0.0,0.0,,
1806.0,0,2024-06-17 13:00:00,0.0,0.0,,
1807.0,0,2024-06-17 14:00:00,0.0,0.0,,
1808.0,0,2024-06-17 15:00:00,0.0,0.0,,
1809.0,0,2024-06-17 16:00:00,0.0,0.0,,
1810.0,0,2024-06-17 17:00:00,0.0,0.0,,
1811.0,0,2024-06-17 18:00:00,0.0,0.0,,
1812.0,0,2024-06-17 19:00:00,0.0,0.0,,
1813.0,0,2024-06-17 20:00:00,0.0,0.0,,
1814.0,0,2024-06-17 21:00:00,0.0,0.0,,
1815.0,0,2024-06-17 22:00:00,0.0,0.0,,
1816.0,0,2024-06-17 23:00:00,0.0,0.0,,
1817.0,0,2024-06-18 00:00:00,0.0,0.0,,
1818.0,0,2024-06-18 01:00:00,0.0,0.0,,
1819.0,0,2024-06-18 02:00:00,0.0,0.0,,
1820.0,0,2024-06-18 03:00:00,0.0,0.0,,
1821.0,0,2024-06-18 04:00:00,0.0,0.0,,
1822.0,0,2024-06-18 05:00:00,0.0,0.0,,
1823.0,0,2024-06-18 06:00:00,0.0,0.0,,
1824.0,0,2024-06-18 07:00:00,0.0,0.0,,
1825.0,0,2024-06-18 08:00:00,0.0,0.0,,
1826.0,0,2024-06-18 09:00:00,0.0,0.0,,
1827.0,0,2024-06-18 10:00:00,0.0,0.0,,
1828.0,0,2024-06-18 11:00:00,0.0,0.0,,
1829.0,0,2024-06-18 12:00:00,0.0,0.0,,
1830.0,0,2024-06-18 13:00:00,0.0,0.0,,
1831.0,0,2024-06-18 14:00:00,0.0,0.0,,
1832.0,0,2024-06-18 15:00:00,0.0,0.0,,
1833.0,0,2024-06-18 16:00:00,0.0,0.0,,
1834.0,0,2024-06-18 17:00:00,0.0,0.0,,
1835.0,0,2024-06-18 18:00:00,0.0,0.0,,
1836.0,0,2024-06-18 19:00:00,0.0,0.0,,
1837.0,0,2024-06-18 20:00:00,0.0,0.0,,
1838.0,0,2024-06-18 21:00:00,0.0,0.0,,
1839.0,0,2024-06-18 22:00:00,0.0,0.0,,
1840.0,0,2024-06-18 23:00:00,0.0,0.0,,
1841.0,0,2024-06-19 00:00:00,0.0,0.0,,
1842.0,0,2024-06-19 01:00:00,0.0,0.0,,
1843.0,0,2024-06-19 02:00:00,0.0,0.0,,
1844.0,0,2024-06-19 03:00:00,0.0,0.0,,
1845.0,0,2024-06-19 04:00:00,0.0,0.0,,
1846.0,0,2024-06-19 05:00:00,0.0,0.0,,
1847.0,0,2024-06-19 06:00:00,0.0,0.0,,
1848.0,0,2024-06-19 07:00:00,0.0,0.0,,
1849.0,0,2024-06-19 08:00:00,0.0,0.0,,
1850.0,0,2024-06-19 09:00:00,0.0,0.0,,
1851.0,0,2024-06-19 10:00:00,0.0,0.0,,
1852.0,0,2024-06-19 11:00:00,0.0,0.0,,
1853.0,0,2024-06-19 12:00:00,0.0,0.0,,
1854.0,0,2024-06-19 13:00:00,0.0,0.0,,
1855.0,0,2024-06-19 14:00:00,0.0,0.0,,
1856.0,0,2024-06-19 15:00:00,0.0,0.0,,
1857.0,0,2024-06-19 16:00:00,0.0,0.0,,
1858.0,0,2024-06-19 17:00:00,0.0,0.0,,
1859.0,0,2024-06-19 18:00:00,0.0,0.0,,
1860.0,0,2024-06-19 19:00:00,0.0,0.0,,
1861.0,0,2024-06-19 20:00:00,0.0,0.0,,
1862.0,0,2024-06-19 21:00:00,0.0,0.0,,
1863.0,0,2024-06-19 22:00:00,0.0,0.0,,
1864.0,0,2024-06-19 23:00:00,0.0,0.0,,
1865.0,0,2024-06-20 00:00:00,0.0,0.0,,
1866.0,0,2024-06-20 01:00:00,0.0,0.0,,
1867.0,0,2024-06-20 02:00:00,0.0,0.0,,
1868.0,0,2024-06-20 03:00:00,0.0,0.0,,
1869.0,0,2024-06-20 04:00:00,0.0,0.0,,
1870.0,0,2024-06-20 05:00:00,0.0,0.0,,
1871.0,0,2024-06-20 06:00:00,0.0,0.0,,
1872.0,0,2024-06-20 07:00:00,0.0,0.0,,
1873.0,0,2024-06-20 08:00:00,0.0,0.0,,
1874.0,0,2024-06-20 09:00:00,0.0,0.0,,
1875.0,0,2024-06-20 10:00:00,0.0,0.0,,
1876.0,0,2024-06-20 11:00:00,0.0,0.0,,
1877.0,0,2024-06-20 12:00:00,0.0,0.0,,
1878.0,0,2024-06-20 13:00:00,0.0,0.0,,
1879.0,0,2024-06-20 14:00:00,0.0,0.0,,
1880.0,0,2024-06-20 15:00:00,0.0,0.0,,
1881.0,0,2024-06-20 16:00:00,0.0,0.0,,
1882.0,0,2024-06-20 17:00:00,0.0,0.0,,
1883.0,0,2024-06-20 18:00:00,0.0,0.0,,
1884.0,0,2024-06-20 19:00:00,0.0,0.0,,
1885.0,0,2024-06-20 20:00:00,0.0,0.0,,
1886.0,0,2024-06-20 21:00:00,0.0,0.0,,
1887.0,0,2024-06-20 22:00:00,0.0,0.0,,
1888.0,0,2024-06-20 23:00:00,0.0,0.0,,
1889.0,0,2024-06-21 00:00:00,0.0,0.0,,
1890.0,0,2024-06-21 01:00:00,0.0,0.0,,
1891.0,0,2024-06-21 02:00:00,0.0,0.0,,
1892.0,0,2024-06-21 03:00:00,0.0,0.0,,
1893.0,0,2024-06-21 04:00:00,0.0,0.0,,
1894.0,0,2024-06-21 05:00:00,0.0,0.0,,
1895.0,0,2024-06-21 06:00:00,0.0,0.0,,
1896.0,0,2024-06-21 07:00:00,0.0,0.0,,
1897.0,0,2024-06-21 08:00:00,0.0,0.0,,
1898.0,0,2024-06-21 09:00:00,0.0,0.0,,
1899.0,0,2024-06-21 10:00:00,0.0,0.0,,
1900.0,0,2024-06-21 11:00:00,0.0,0.0,,
1901.0,0,2024-06-21 12:00:00,0.0,0.0,,
1902.0,0,2024-06-21 13:00:00,0.0,0.0,,
1903.0,0,2024-06-21 14:00:00,0.0,0.0,,
1904.0,0,2024-06-21 15:00:00,0.0,0.0,,
1905.0,0,2024-06-21 16:00:00,0.0,0.0,,
1906.0,0,2024-06-21 17:00:00,0.0,0.0,,
1907.0,0,2024-06-21 18:00:00,0.0,0.0,,
1908.0,0,2024-06-21 19:00:00,0.0,0.0,,
1909.0,0,2024-06-21 20:00:00,0.0,0.0,,
1910.0,0,2024-06-21 21:00:00,0.0,0.0,,
1911.0,0,2024-06-21 22:00:00,0.0,0.0,,
1912.0,0,2024-06-21 23:00:00,0.0,0.0,,
1913.0,0,2024-06-22 00:00:00,0.0,0.0,,
1914.0,0,2024-06-22 01:00:00,0.0,0.0,,
1915.0,0,2024-06-22 02:00:00,0.0,0.0,,
1916.0,0,2024-06-22 03:00:00,0.0,0.0,,
1917.0,0,2024-06-22 04:00:00,0.0,0.0,,
1918.0,0,2024-06-22 05:00:00,0.0,0.0,,
1919.0,0,2024-06-22 06:00:00,0.0,0.0,,
1920.0,0,2024-06-22 07:00:00,0.0,0.0,,
1921.0,0,2024-06-22 08:00:00,0.0,0.0,,
1922.0,0,2024-06-22 09:00:00,0.0,0.0,,
1923.0,0,2024-06-22 10:00:00,0.0,0.0,,
1924.0,0,2024-06-22 11:00:00,0.0,0.0,,
1925.0,0,2024-06-22 12:00:00,0.0,0.0,,
1926.0,0,2024-06-22 13:00:00,0.0,0.0,,
1927.0,0,2024-06-22 14:00:00,0.0,0.0,,
1928.0,0,2024-06-22 15:00:00,0.0,0.0,,
1929.0,0,2024-06-22 16:00:00,0.0,0.0,,
1930.0,0,2024-06-22 17:00:00,0.0,0.0,,
1931.0,0,2024-06-22 18:00:00,0.0,0.0,,
1932.0,0,2024-06-22 19:00:00,0.0,0.0,,
1933.0,0,2024-06-22 20:00:00,0.0,0.0,,
1934.0,0,2024-06-22 21:00:00,0.0,0.0,,
1935.0,0,2024-06-22 22:00:00,0.0,0.0,,
1936.0,0,2024-06-22 23:00:00,0.0,0.0,,
1937.0,0,2024-06-23 00:00:00,0.0,0.0,,
1938.0,0,2024-06-23 01:00:00,0.0,0.0,,
1939.0,0,2024-06-23 02:00:00,0.0,0.0,,
1940.0,0,2024-06-23 03:00:00,0.0,0.0,,
1941.0,0,2024-06-23 04:00:00,0.0,0.0,,
1942.0,0,2024-06-23 05:00:00,0.0,0.0,,
1943.0,0,2024-06-23 06:00:00,0.0,0.0,,
1944.0,0,2024-06-23 07:00:00,0.0,0.0,,
1945.0,0,2024-06-23 08:00:00,0.0,0.0,,
1946.0,0,2024-06-23 09:00:00,0.0,0.0,,
1947.0,0,2024-06-23 10:00:00,0.0,0.0,,
1948.0,0,2024-06-23 11:00:00,0.0,0.0,,
1949.0,0,2024-06-23 12:00:00,0.0,0.0,,
1950.0,0,2024-06-23 13:00:00,0.0,0.0,,
1951.0,0,2024-06-23 14:00:00,0.0,0.0,,
1952.0,0,2024-06-23 15:00:00,0.0,0.0,,
1953.0,0,2024-06-23 16:00:00,0.0,0.0,,
1954.0,0,2024-06-23 17:00:00,0.0,0.0,,
1955.0,0,2024-06-23 18:00:00,0.0,0.0,,
1956.0,0,2024-06-23 19:00:00,0.0,0.0,,
1957.0,0,2024-06-23 20:00:00,0.0,0.0,,
1958.0,0,2024-06-23 21:00:00,0.0,0.0,,
1959.0,0,2024-06-23 22:00:00,0.0,0.0,,
1960.0,0,2024-06-23 23:00:00,0.0,0.0,,
1961.0,0,2024-06-24 00:00:00,0.0,0.0,,
1962.0,0,2024-06-24 01:00:00,0.0,0.0,,
1963.0,0,2024-06-24 02:00:00,0.0,0.0,,
1964.0,0,2024-06-24 03:00:00,0.0,0.0,,
1965.0,0,2024-06-24 04:00:00,0.0,0.0,,
1966.0,0,2024-06-24 05:00:00,0.0,0.0,,
1967.0,0,2024-06-24 06:00:00,0.0,0.0,,
1968.0,0,2024-06-24 07:00:00,0.0,0.0,,
1969.0,0,2024-06-24 08:00:00,0.0,0.0,,
1970.0,0,2024-06-24 09:00:00,0.0,0.0,,
1971.0,0,2024-06-24 10:00:00,0.0,0.0,,
1972.0,0,2024-06-24 11:00:00,0.0,0.0,,
1973.0,0,2024-06-24 12:00:00,0.0,0.0,,
1974.0,0,2024-06-24 13:00:00,0.0,0.0,,
1975.0,0,2024-06-24 14:00:00,0.0,0.0,,
1976.0,0,2024-06-24 15:00:00,0.0,0.0,,
1977.0,0,2024-06-24 16:00:00,0.0,0.0,,
1978.0,0,2024-06-24 17:00:00,0.0,0.0,,
1979.0,0,2024-06-24 18:00:00,0.0,0.0,,
1980.0,0,2024-06-24 19:00:00,0.0,0.0,,
1981.0,0,2024-06-24 20:00:00,0.0,0.0,,
1982.0,0,2024-06-24 21:00:00,0.0,0.0,,
1983.0,0,2024-06-24 22:00:00,0.0,0.0,,
1984.0,0,2024-06-24 23:00:00,0.0,0.0,,
1985.0,0,2024-06-25 00:00:00,0.0,0.0,,
1986.0,0,2024-06-25 01:00:00,0.0,0.0,,
1987.0,0,2024-06-25 02:00:00,0.0,0.0,,
1988.0,0,2024-06-25 03:00:00,0.0,0.0,,
1989.0,0,2024-06-25 04:00:00,0.0,0.0,,
1990.0,0,2024-06-25 05:00:00,0.0,0.0,,
1991.0,0,2024-06-25 06:00:00,0.0,0.0,,
1992.0,0,2024-06-25 07:00:00,0.0,0.0,,
1993.0,0,2024-06-25 08:00:00,0.0,0.0,,
1994.0,0,2024-06-25 09:00:00,0.0,0.0,,
1995.0,0,2024-06-25 10:00:00,0.0,0.0,,
1996.0,0,2024-06-25 11:00:00,0.0,0.0,,
1997.0,0,2024-06-25 12:00:00,0.0,0.0,,
1998.0,0,2024-06-25 13:00:00,0.0,0.0,,
1999.0,0,2024-06-25 14:00:00,0.0,0.0,,
2000.0,0,2024-06-25 15:00:00,0.0,0.0,,
2001.0,0,2024-06-25 16:00:00,0.0,0.0,,
2002.0,0,2024-06-25 17:00:00,0.0,0.0,,
2003.0,0,2024-06-25 18:00:00,0.0,0.0,,
2004.0,0,2024-06-25 19:00:00,0.0,0.0,,
2005.0,0,2024-06-25 20:00:00,0.0,0.0,,
2006.0,0,2024-06-25 21:00:00,0.0,0.0,,
2007.0,0,2024-06-25 22:00:00,0.0,0.0,,
2008.0,0,2024-06-25 23:00:00,0.0,0.0,,
2009.0,0,2024-06-26 00:00:00,0.0,0.0,,
2010.0,0,2024-06-26 01:00:00,0.0,0.0,,
2011.0,0,2024-06-26 02:00:00,0.0,0.0,,
2012.0,0,2024-06-26 03:00:00,0.0,0.0,,
2013.0,0,2024-06-26 04:00:00,0.0,0.0,,
2014.0,0,2024-06-26 05:00:00,0.0,0.0,,
2015.0,0,2024-06-26 06:00:00,0.0,0.0,,
2016.0,0,2024-06-26 07:00:00,0.0,0.0,,
2017.0,0,2024-06-26 08:00:00,0.0,0.0,,
2018.0,0,2024-06-26 09:00:00,0.0,0.0,,
2019.0,0,2024-06-26 10:00:00,0.0,0.0,,
2020.0,0,2024-06-26 11:00:00,0.0,0.0,,
2021.0,0,2024-06-26 12:00:00,0.0,0.0,,
2022.0,0,2024-06-26 13:00:00,0.0,0.0,,
2023.0,0,2024-06-26 14:00:00,0.0,0.0,,
2024.0,0,2024-06-26 15:00:00,0.0,0.0,,
2025.0,0,2024-06-26 16:00:00,0.0,0.0,,
2026.0,0,2024-06-26 17:00:00,0.0,0.0,,
2027.0,0,2024-06-26 18:00:00,0.0,0.0,,
2028.0,0,2024-06-26 19:00:00,0.0,0.0,,
2029.0,0,2024-06-26 20:00:00,0.0,0.0,,
2030.0,0,2024-06-26 21:00:00,0.0,0.0,,
2031.0,0,2024-06-26 22:00:00,0.0,0.0,,
2032.0,0,2024-06-26 23:00:00,0.0,0.0,,
2033.0,0,2024-06-27 00:00:00,0.0,0.0,,
2034.0,0,2024-06-27 01:00:00,0.0,0.0,,
2035.0,0,2024-06-27 02:00:00,0.0,0.0,,
2036.0,0,2024-06-27 03:00:00,0.0,0.0,,
2037.0,0,2024-06-27 04:00:00,0.0,0.0,,
2038.0,0,2024-06-27 05:00:00,0.0,0.0,,
2039.0,0,2024-06-27 06:00:00,0.0,0.0,,
2040.0,0,2024-06-27 07:00:00,0.0,0.0,,
2041.0,0,2024-06-27 08:00:00,0.0,0.0,,
2042.0,0,2024-06-27 09:00:00,0.0,0.0,,
2043.0,0,2024-06-27 10:00:00,0.0,0.0,,
2044.0,0,2024-06-27 11:00:00,0.0,0.0,,
2045.0,0,2024-06-27 12:00:00,0.0,0.0,,
2046.0,0,2024-06-27 13:00:00,0.0,0.0,,
2047.0,0,2024-06-27 14:00:00,0.0,0.0,,
2048.0,0,2024-06-27 15:00:00,0.0,0.0,,
2049.0,0,2024-06-27 16:00:00,0.0,0.0,,
2050.0,0,2024-06-27 17:00:00,0.0,0.0,,
2051.0,0,2024-06-27 18:00:00,0.0,0.0,,
2052.0,0,2024-06-27 19:00:00,0.0,0.0,,
2053.0,0,2024-06-27 20:00:00,0.0,0.0,,
2054.0,0,2024-06-27 21:00:00,0.0,0.0,,
2055.0,0,2024-06-27 22:00:00,0.0,0.0,,
2056.0,0,2024-06-27 23:00:00,0.0,0.0,,
2057.0,0,2024-06-28 00:00:00,0.0,0.0,,
2058.0,0,2024-06-28 01:00:00,0.0,0.0,,
2059.0,0,2024-06-28 02:00:00,0.0,0.0,,
2060.0,0,2024-06-28 03:00:00,0.0,0.0,,
2061.0,0,2024-06-28 04:00:00,0.0,0.0,,
2062.0,0,2024-06-28 05:00:00,0.0,0.0,,
2063.0,0,2024-06-28 06:00:00,0.0,0.0,,
2064.0,0,2024-06-28 07:00:00,0.0,0.0,,
2065.0,0,2024-06-28 08:00:00,0.0,0.0,,
2066.0,0,2024-06-28 09:00:00,0.0,0.0,,
2067.0,0,2024-06-28 10:00:00,0.0,0.0,,
2068.0,0,2024-06-28 11:00:00,0.0,0.0,,
2069.0,0,2024-06-28 12:00:00,0.0,0.0,,
2070.0,0,2024-06-28 13:00:00,0.0,0.0,,
2071.0,0,2024-06-28 14:00:00,0.0,0.0,,
2072.0,0,2024-06-28 15:00:00,0.0,0.0,,
2073.0,0,2024-06-28 16:00:00,0.0,0.0,,
2074.0,0,2024-06-28 17:00:00,0.0,0.0,,
2075.0,0,2024-06-28 18:00:00,0.0,0.0,,
2076.0,0,2024-06-28 19:00:00,0.0,0.0,,
2077.0,0,2024-06-28 20:00:00,0.0,0.0,,
2078.0,0,2024-06-28 21:00:00,0.0,0.0,,
2079.0,0,2024-06-28 22:00:00,0.0,0.0,,
2080.0,0,2024-06-28 23:00:00,0.0,0.0,,
2081.0,0,2024-06-29 00:00:00,0.0,0.0,,
2082.0,0,2024-06-29 01:00:00,0.0,0.0,,
2083.0,0,2024-06-29 02:00:00,0.0,0.0,,
2084.0,0,2024-06-29 03:00:00,0.0,0.0,,
2085.0,0,2024-06-29 04:00:00,0.0,0.0,,
2086.0,0,2024-06-29 05:00:00,0.0,0.0,,
2087.0,0,2024-06-29 06:00:00,0.0,0.0,,
2088.0,0,2024-06-29 07:00:00,0.0,0.0,,
2089.0,0,2024-06-29 08:00:00,0.0,0.0,,
2090.0,0,2024-06-29 09:00:00,0.0,0.0,,
2091.0,0,2024-06-29 10:00:00,0.0,0.0,,
2092.0,0,2024-06-29 11:00:00,0.0,0.0,,
2093.0,0,2024-06-29 12:00:00,0.0,0.0,,
2094.0,0,2024-06-29 13:00:00,0.0,0.0,,
2095.0,0,2024-06-29 14:00:00,0.0,0.0,,
2096.0,0,2024-06-29 15:00:00,0.0,0.0,,
2097.0,0,2024-06-29 16:00:00,0.0,0.0,,
2098.0,0,2024-06-29 17:00:00,0.0,0.0,,
2099.0,0,2024-06-29 18:00:00,0.0,0.0,,
2100.0,0,2024-06-29 19:00:00,0.0,0.0,,
2101.0,0,2024-06-29 20:00:00,0.0,0.0,,
2102.0,0,2024-06-29 21:00:00,0.0,0.0,,
2103.0,0,2024-06-29 22:00:00,0.0,0.0,,
2104.0,0,2024-06-29 23:00:00,0.0,0.0,,
2105.0,0,2024-06-30 00:00:00,0.0,0.0,,
2106.0,0,2024-06-30 01:00:00,0.0,0.0,,
2107.0,0,2024-06-30 02:00:00,0.0,0.0,,
2108.0,0,2024-06-30 03:00:00,0.0,0.0,,
2109.0,0,2024-06-30 04:00:00,0.0,0.0,,
2110.0,0,2024-06-30 05:00:00,0.0,0.0,,
2111.0,0,2024-06-30 06:00:00,0.0,0.0,,
2112.0,0,2024-06-30 07:00:00,0.0,0.0,,
2113.0,0,2024-06-30 08:00:00,0.0,0.0,,
2114.0,0,2024-06-30 09:00:00,0.0,0.0,,
2115.0,0,2024-06-30 10:00:00,0.0,0.0,,
2116.0,0,2024-06-30 11:00:00,0.0,0.0,,
2117.0,0,2024-06-30 12:00:00,0.0,0.0,,
2118.0,0,2024-06-30 13:00:00,0.0,0.0,,
2119.0,0,2024-06-30 14:00:00,0.0,0.0,,
2120.0,0,2024-06-30 15:00:00,0.0,0.0,,
2121.0,0,2024-06-30 16:00:00,0.0,0.0,,
2122.0,0,2024-06-30 17:00:00,0.0,0.0,,
2123.0,0,2024-06-30 18:00:00,0.0,0.0,,
2124.0,0,2024-06-30 19:00:00,0.0,0.0,,
2125.0,0,2024-06-30 20:00:00,0.0,0.0,,
2126.0,0,2024-06-30 21:00:00,0.0,0.0,,
2127.0,0,2024-06-30 22:00:00,0.0,0.0,,
2128.0,0,2024-06-30 23:00:00,0.0,0.0,,
2129.0,0,2024-07-01 00:00:00,0.0,0.0,,
2130.0,0,2024-07-01 01:00:00,0.0,0.0,,
2131.0,0,2024-07-01 02:00:00,0.0,0.0,,
2132.0,0,2024-07-01 03:00:00,0.0,0.0,,
2133.0,0,2024-07-01 04:00:00,0.0,0.0,,
2134.0,0,2024-07-01 05:00:00,0.0,0.0,,
2135.0,0,2024-07-01 06:00:00,0.0,0.0,,
2136.0,0,2024-07-01 07:00:00,0.0,0.0,,
2137.0,0,2024-07-01 08:00:00,0.0,0.0,,
2138.0,0,2024-07-01 09:00:00,0.0,0.0,,
2139.0,0,2024-07-01 10:00:00,0.0,0.0,,
2140.0,0,2024-07-01 11:00:00,0.0,0.0,,
2141.0,0,2024-07-01 12:00:00,0.0,0.0,,
2142.0,0,2024-07-01 13:00:00,0.0,0.0,,
2143.0,0,2024-07-01 14:00:00,0.0,0.0,,
2144.0,0,2024-07-01 15:00:00,0.0,0.0,,
2145.0,0,2024-07-01 16:00:00,0.0,0.0,,
2146.0,0,2024-07-01 17:00:00,0.0,0.0,,
2147.0,0,2024-07-01 18:00:00,0.0,0.0,,
2148.0,0,2024-07-01 19:00:00,0.0,0.0,,
2149.0,0,2024-07-01 20:00:00,0.0,0.0,,
2150.0,0,2024-07-01 21:00:00,0.0,0.0,,
2151.0,0,2024-07-01 22:00:00,0.0,0.0,,
2152.0,0,2024-07-01 23:00:00,0.0,0.0,,
2153.0,0,2024-07-02 00:00:00,0.0,0.0,,
2154.0,0,2024-07-02 01:00:00,0.0,0.0,,
2155.0,0,2024-07-02 02:00:00,0.0,0.0,,
2156.0,0,2024-07-02 03:00:00,0.0,0.0,,
2157.0,0,2024-07-02 04:00:00,0.0,0.0,,
2158.0,0,2024-07-02 05:00:00,0.0,0.0,,
2159.0,0,2024-07-02 06:00:00,0.0,0.0,,
2160.0,0,2024-07-02 07:00:00,0.0,0.0,,
2161.0,0,2024-07-02 08:00:00,0.0,0.0,,
2162.0,0,2024-07-02 09:00:00,0.0,0.0,,
2163.0,0,2024-07-02 10:00:00,0.0,0.0,,
2164.0,0,2024-07-02 11:00:00,0.0,0.0,,
2165.0,0,2024-07-02 12:00:00,0.0,0.0,,
2166.0,0,2024-07-02 13:00:00,0.0,0.0,,
2167.0,0,2024-07-02 14:00:00,0.0,0.0,,
2168.0,0,2024-07-02 15:00:00,0.0,0.0,,
2169.0,0,2024-07-02 16:00:00,0.0,0.0,,
2170.0,0,2024-07-02 17:00:00,0.0,0.0,,
2171.0,0,2024-07-02 18:00:00,0.0,0.0,,
2172.0,0,2024-07-02 19:00:00,0.0,0.0,,
2173.0,0,2024-07-02 20:00:00,0.0,0.0,,
2174.0,0,2024-07-02 21:00:00,0.0,0.0,,
2175.0,0,2024-07-02 22:00:00,0.0,0.0,,
2176.0,0,2024-07-02 23:00:00,0.0,0.0,,
2177.0,0,2024-07-03 00:00:00,0.0,0.0,,
2178.0,0,2024-07-03 01:00:00,0.0,0.0,,
2179.0,0,2024-07-03 02:00:00,0.0,0.0,,
2180.0,0,2024-07-03 03:00:00,0.0,0.0,,
2181.0,0,2024-07-03 04:00:00,0.0,0.0,,
2182.0,0,2024-07-03 05:00:00,0.0,0.0,,
2183.0,0,2024-07-03 06:00:00,0.0,0.0,,
2184.0,0,2024-07-03 07:00:00,0.0,0.0,,
2185.0,0,2024-07-03 08:00:00,0.0,0.0,,
2186.0,0,2024-07-03 09:00:00,0.0,0.0,,
2187.0,0,2024-07-03 10:00:00,0.0,0.0,,
2188.0,0,2024-07-03 11:00:00,0.0,0.0,,
2189.0,0,2024-07-03 12:00:00,0.0,0.0,,
2190.0,0,2024-07-03 13:00:00,0.0,0.0,,
2191.0,0,2024-07-03 14:00:00,0.0,0.0,,
2192.0,0,2024-07-03 15:00:00,0.0,0.0,,
2193.0,0,2024-07-03 16:00:00,0.0,0.0,,
2194.0,0,2024-07-03 17:00:00,0.0,0.0,,
2195.0,0,2024-07-03 18:00:00,0.0,0.0,,
2196.0,0,2024-07-03 19:00:00,0.0,0.0,,
2197.0,0,2024-07-03 20:00:00,0.0,0.0,,
2198.0,0,2024-07-03 21:00:00,0.0,0.0,,
2199.0,0,2024-07-03 22:00:00,0.0,0.0,,
2200.0,0,2024-07-03 23:00:00,0.0,0.0,,
2201.0,0,2024-07-04 00:00:00,0.0,0.0,,
2202.0,0,2024-07-04 01:00:00,0.0,0.0,,
2203.0,0,2024-07-04 02:00:00,0.0,0.0,,
2204.0,0,2024-07-04 03:00:00,0.0,0.0,,
2205.0,0,2024-07-04 04:00:00,0.0,0.0,,
2206.0,0,2024-07-04 05:00:00,0.0,0.0,,
2207.0,0,2024-07-04 06:00:00,0.0,0.0,,
2208.0,0,2024-07-04 07:00:00,0.0,0.0,,
2209.0,0,2024-07-04 08:00:00,0.0,0.0,,
2210.0,0,2024-07-04 09:00:00,0.0,0.0,,
2211.0,0,2024-07-04 10:00:00,0.0,0.0,,
2212.0,0,2024-07-04 11:00:00,0.0,0.0,,
2213.0,0,2024-07-04 12:00:00,0.0,0.0,,
2214.0,0,2024-07-04 13:00:00,0.0,0.0,,
2215.0,0,2024-07-04 14:00:00,0.0,0.0,,
2216.0,0,2024-07-04 15:00:00,0.0,0.0,,
2217.0,0,2024-07-04 16:00:00,0.0,0.0,,
2218.0,0,2024-07-04 17:00:00,0.0,0.0,,
2219.0,0,2024-07-04 18:00:00,0.0,0.0,,
2220.0,0,2024-07-04 19:00:00,0.0,0.0,,
2221.0,0,2024-07-04 20:00:00,0.0,0.0,,
2222.0,0,2024-07-04 21:00:00,0.0,0.0,,
2223.0,0,2024-07-04 22:00:00,0.0,0.0,,
2224.0,0,2024-07-04 23:00:00,0.0,0.0,,
2225.0,0,2024-07-05 00:00:00,0.0,0.0,,
2226.0,0,2024-07-05 01:00:00,0.0,0.0,,
2227.0,0,2024-07-05 02:00:00,0.0,0.0,,
2228.0,0,2024-07-05 03:00:00,0.0,0.0,,
2229.0,0,2024-07-05 04:00:00,0.0,0.0,,
2230.0,0,2024-07-05 05:00:00,0.0,0.0,,
2231.0,0,2024-07-05 06:00:00,0.0,0.0,,
2232.0,0,2024-07-05 07:00:00,0.0,0.0,,
2233.0,0,2024-07-05 08:00:00,0.0,0.0,,
2234.0,0,2024-07-05 09:00:00,0.0,0.0,,
2235.0,0,2024-07-05 10:00:00,0.0,0.0,,
2236.0,0,2024-07-05 11:00:00,0.0,0.0,,
2237.0,0,2024-07-05 12:00:00,0.0,0.0,,
2238.0,0,2024-07-05 13:00:00,0.0,0.0,,
2239.0,0,2024-07-05 14:00:00,0.0,0.0,,
2240.0,0,2024-07-05 15:00:00,0.0,0.0,,
2241.0,0,2024-07-05 16:00:00,0.0,0.0,,
2242.0,0,2024-07-05 17:00:00,0.0,0.0,,
2243.0,0,2024-07-05 18:00:00,0.0,0.0,,
2244.0,0,2024-07-05 19:00:00,0.0,0.0,,
2245.0,0,2024-07-05 20:00:00,0.0,0.0,,
2246.0,0,2024-07-05 21:00:00,0.0,0.0,,
2247.0,0,2024-07-05 22:00:00,0.0,0.0,,
2248.0,0,2024-07-05 23:00:00,0.0,0.0,,
2249.0,0,2024-07-06 00:00:00,0.0,0.0,,
2250.0,0,2024-07-06 01:00:00,0.0,0.0,,
2251.0,0,2024-07-06 02:00:00,0.0,0.0,,
2252.0,0,2024-07-06 03:00:00,0.0,0.0,,
2253.0,0,2024-07-06 04:00:00,0.0,0.0,,
2254.0,0,2024-07-06 05:00:00,0.0,0.0,,
2255.0,0,2024-07-06 06:00:00,0.0,0.0,,
2256.0,0,2024-07-06 07:00:00,0.0,0.0,,
2257.0,0,2024-07-06 08:00:00,0.0,0.0,,
2258.0,0,2024-07-06 09:00:00,0.0,0.0,,
2259.0,0,2024-07-06 10:00:00,0.0,0.0,,
2260.0,0,2024-07-06 11:00:00,0.0,0.0,,
2261.0,0,2024-07-06 12:00:00,0.0,0.0,,
2262.0,0,2024-07-06 13:00:00,0.0,0.0,,
2263.0,0,2024-07-06 14:00:00,0.0,0.0,,
2264.0,0,2024-07-06 15:00:00,0.0,0.0,,
2265.0,0,2024-07-06 16:00:00,0.0,0.0,,
2266.0,0,2024-07-06 17:00:00,0.0,0.0,,
2267.0,0,2024-07-06 18:00:00,0.0,0.0,,
2268.0,0,2024-07-06 19:00:00,0.0,0.0,,
2269.0,0,2024-07-06 20:00:00,0.0,0.0,,
2270.0,0,2024-07-06 21:00:00,0.0,0.0,,
2271.0,0,2024-07-06 22:00:00,0.0,0.0,,
2272.0,0,2024-07-06 23:00:00,0.0,0.0,,
2273.0,0,2024-07-07 00:00:00,0.0,0.0,,
2274.0,0,2024-07-07 01:00:00,0.0,0.0,,
2275.0,0,2024-07-07 02:00:00,0.0,0.0,,
2276.0,0,2024-07-07 03:00:00,0.0,0.0,,
2277.0,0,2024-07-07 04:00:00,0.0,0.0,,
2278.0,0,2024-07-07 05:00:00,0.0,0.0,,
2279.0,0,2024-07-07 06:00:00,0.0,0.0,,
2280.0,0,2024-07-07 07:00:00,0.0,0.0,,
2281.0,0,2024-07-07 08:00:00,0.0,0.0,,
2282.0,0,2024-07-07 09:00:00,0.0,0.0,,
2283.0,0,2024-07-07 10:00:00,0.0,0.0,,
2284.0,0,2024-07-07 11:00:00,0.0,0.0,,
2285.0,0,2024-07-07 12:00:00,0.0,0.0,,
2286.0,0,2024-07-07 13:00:00,0.0,0.0,,
2287.0,0,2024-07-07 14:00:00,0.0,0.0,,
2288.0,0,2024-07-07 15:00:00,0.0,0.0,,
2289.0,0,2024-07-07 16:00:00,0.0,0.0,,
2290.0,0,2024-07-07 17:00:00,0.0,0.0,,
2291.0,0,2024-07-07 18:00:00,0.0,0.0,,
2292.0,0,2024-07-07 19:00:00,0.0,0.0,,
2293.0,0,2024-07-07 20:00:00,0.0,0.0,,
2294.0,0,2024-07-07 21:00:00,0.0,0.0,,
2295.0,0,2024-07-07 22:00:00,0.0,0.0,,
2296.0,0,2024-07-07 23:00:00,0.0,0.0,,
2297.0,0,2024-07-08 00:00:00,0.0,0.0,,
2298.0,0,2024-07-08 01:00:00,0.0,0.0,,
2299.0,0,2024-07-08 02:00:00,0.0,0.0,,
2300.0,0,2024-07-08 03:00:00,0.0,0.0,,
2301.0,0,2024-07-08 04:00:00,0.0,0.0,,
2302.0,0,2024-07-08 05:00:00,0.0,0.0,,
2303.0,0,2024-07-08 06:00:00,0.0,0.0,,
2304.0,0,2024-07-08 07:00:00,0.0,0.0,,
2305.0,0,2024-07-08 08:00:00,0.0,0.0,,
2306.0,0,2024-07-08 09:00:00,0.0,0.0,,
2307.0,0,2024-07-08 10:00:00,0.0,0.0,,
2308.0,0,2024-07-08 11:00:00,0.0,0.0,,
2309.0,0,2024-07-08 12:00:00,0.0,0.0,,
2310.0,0,2024-07-08 13:00:00,0.0,0.0,,
2311.0,0,2024-07-08 14:00:00,0.0,0.0,,
2312.0,0,2024-07-08 15:00:00,0.0,0.0,,
2313.0,0,2024-07-08 16:00:00,0.0,0.0,,
2314.0,0,2024-07-08 17:00:00,0.0,0.0,,
2315.0,0,2024-07-08 18:00:00,0.0,0.0,,
2316.0,0,2024-07-08 19:00:00,0.0,0.0,,
2317.0,0,2024-07-08 20:00:00,0.0,0.0,,
2318.0,0,2024-07-08 21:00:00,0.0,0.0,,
2319.0,0,2024-07-08 22:00:00,0.0,0.0,,
2320.0,0,2024-07-08 23:00:00,0.0,0.0,,
2321.0,0,2024-07-09 00:00:00,0.0,0.0,,
2322.0,0,2024-07-09 01:00:00,0.0,0.0,,
2323.0,0,2024-07-09 02:00:00,0.0,0.0,,
2324.0,0,2024-07-09 03:00:00,0.0,0.0,,
2325.0,0,2024-07-09 04:00:00,0.0,0.0,,
2326.0,0,2024-07-09 05:00:00,0.0,0.0,,
2327.0,0,2024-07-09 06:00:00,0.0,0.0,,
2328.0,0,2024-07-09 07:00:00,0.0,0.0,,
2329.0,0,2024-07-09 08:00:00,0.0,0.0,,
2330.0,0,2024-07-09 09:00:00,0.0,0.0,,
2331.0,0,2024-07-09 10:00:00,0.0,0.0,,
2332.0,0,2024-07-09 11:00:00,0.0,0.0,,
2333.0,0,2024-07-09 12:00:00,0.0,0.0,,
2334.0,0,2024-07-09 13:00:00,0.0,0.0,,
2335.0,0,2024-07-09 14:00:00,0.0,0.0,,
2336.0,0,2024-07-09 15:00:00,0.0,0.0,,
2337.0,0,2024-07-09 16:00:00,0.0,0.0,,
2338.0,0,2024-07-09 17:00:00,0.0,0.0,,
2339.0,0,2024-07-09 18:00:00,0.0,0.0,,
2340.0,0,2024-07-09 19:00:00,0.0,0.0,,
2341.0,0,2024-07-09 20:00:00,0.0,0.0,,
2342.0,0,2024-07-09 21:00:00,0.0,0.0,,
2343.0,0,2024-07-09 22:00:00,0.0,0.0,,
2344.0,0,2024-07-09 23:00:00,0.0,0.0,,
2345.0,0,2024-07-10 00:00:00,0.0,0.0,,
2346.0,0,2024-07-10 01:00:00,0.0,0.0,,
2347.0,0,2024-07-10 02:00:00,0.0,0.0,,
2348.0,0,2024-07-10 03:00:00,0.0,0.0,,
2349.0,0,2024-07-10 04:00:00,0.0,0.0,,
2350.0,0,2024-07-10 05:00:00,0.0,0.0,,
2351.0,0,2024-07-10 06:00:00,0.0,0.0,,
2352.0,0,2024-07-10 07:00:00,0.0,0.0,,
2353.0,0,2024-07-10 08:00:00,0.0,0.0,,
2354.0,0,2024-07-10 09:00:00,0.0,0.0,,
2355.0,0,2024-07-10 10:00:00,0.0,0.0,,
2356.0,0,2024-07-10 11:00:00,0.0,0.0,,
2357.0,0,2024-07-10 12:00:00,0.0,0.0,,
2358.0,0,2024-07-10 13:00:00,0.0,0.0,,
2359.0,0,2024-07-10 14:00:00,0.0,0.0,,
2360.0,0,2024-07-10 15:00:00,0.0,0.0,,
2361.0,0,2024-07-10 16:00:00,0.0,0.0,,
2362.0,0,2024-07-10 17:00:00,0.0,0.0,,
2363.0,0,2024-07-10 18:00:00,0.0,0.0,,
2364.0,0,2024-07-10 19:00:00,0.0,0.0,,
2365.0,0,2024-07-10 20:00:00,0.0,0.0,,
2366.0,0,2024-07-10 21:00:00,0.0,0.0,,
2367.0,0,2024-07-10 22:00:00,0.0,0.0,,
2368.0,0,2024-07-10 23:00:00,0.0,0.0,,
2369.0,0,2024-07-11 00:00:00,0.0,0.0,,
2370.0,0,2024-07-11 01:00:00,0.0,0.0,,
2371.0,0,2024-07-11 02:00:00,0.0,0.0,,
2372.0,0,2024-07-11 03:00:00,0.0,0.0,,
2373.0,0,2024-07-11 04:00:00,0.0,0.0,,
2374.0,0,2024-07-11 05:00:00,0.0,0.0,,
2375.0,0,2024-07-11 06:00:00,0.0,0.0,,
2376.0,0,2024-07-11 07:00:00,0.0,0.0,,
2377.0,0,2024-07-11 08:00:00,0.0,0.0,,
2378.0,0,2024-07-11 09:00:00,0.0,0.0,,
2379.0,0,2024-07-11 10:00:00,0.0,0.0,,
2380.0,0,2024-07-11 11:00:00,0.0,0.0,,
2381.0,0,2024-07-11 12:00:00,0.0,0.0,,
2382.0,0,2024-07-11 13:00:00,0.0,0.0,,
2383.0,0,2024-07-11 14:00:00,0.0,0.0,,
2384.0,0,2024-07-11 15:00:00,0.0,0.0,,
2385.0,0,2024-07-11 16:00:00,0.0,0.0,,
2386.0,0,2024-07-11 17:00:00,0.0,0.0,,
2387.0,0,2024-07-11 18:00:00,0.0,0.0,,
2388.0,0,2024-07-11 19:00:00,0.0,0.0,,
2389.0,0,2024-07-11 20:00:00,0.0,0.0,,
2390.0,0,2024-07-11 21:00:00,0.0,0.0,,
2391.0,0,2024-07-11 22:00:00,0.0,0.0,,
2392.0,0,2024-07-11 23:00:00,0.0,0.0,,
2393.0,0,2024-07-12 00:00:00,0.0,0.0,,
2394.0,0,2024-07-12 01:00:00,0.0,0.0,,
2395.0,0,2024-07-12 02:00:00,0.0,0.0,,
2396.0,0,2024-07-12 03:00:00,0.0,0.0,,
2397.0,0,2024-07-12 04:00:00,0.0,0.0,,
2398.0,0,2024-07-12 05:00:00,0.0,0.0,,
2399.0,0,2024-07-12 06:00:00,0.0,0.0,,
2400.0,0,2024-07-12 07:00:00,0.0,0.0,,
2401.0,0,2024-07-12 08:00:00,0.0,0.0,,
2402.0,0,2024-07-12 09:00:00,0.0,0.0,,
2403.0,0,2024-07-12 10:00:00,0.0,0.0,,
2404.0,0,2024-07-12 11:00:00,0.0,0.0,,
2405.0,0,2024-07-12 12:00:00,0.0,0.0,,
2406.0,0,2024-07-12 13:00:00,0.0,0.0,,
2407.0,0,2024-07-12 14:00:00,0.0,0.0,,
2408.0,0,2024-07-12 15:00:00,0.0,0.0,,
2409.0,0,2024-07-12 16:00:00,0.0,0.0,,
2410.0,0,2024-07-12 17:00:00,0.0,0.0,,
2411.0,0,2024-07-12 18:00:00,0.0,0.0,,
2412.0,0,2024-07-12 19:00:00,0.0,0.0,,
2413.0,0,2024-07-12 20:00:00,0.0,0.0,,
2414.0,0,2024-07-12 21:00:00,0.0,0.0,,
2415.0,0,2024-07-12 22:00:00,0.0,0.0,,
2416.0,0,2024-07-12 23:00:00,0.0,0.0,,
2417.0,0,2024-07-13 00:00:00,0.0,0.0,,
2418.0,0,2024-07-13 01:00:00,0.0,0.0,,
2419.0,0,2024-07-13 02:00:00,0.0,0.0,,
2420.0,0,2024-07-13 03:00:00,0.0,0.0,,
2421.0,0,2024-07-13 04:00:00,0.0,0.0,,
2422.0,0,2024-07-13 05:00:00,0.0,0.0,,
2423.0,0,2024-07-13 06:00:00,0.0,0.0,,
2424.0,0,2024-07-13 07:00:00,0.0,0.0,,
2425.0,0,2024-07-13 08:00:00,0.0,0.0,,
2426.0,0,2024-07-13 09:00:00,0.0,0.0,,
2427.0,0,2024-07-13 10:00:00,0.0,0.0,,
2428.0,0,2024-07-13 11:00:00,0.0,0.0,,
2429.0,0,2024-07-13 12:00:00,0.0,0.0,,
2430.0,0,2024-07-13 13:00:00,0.0,0.0,,
2431.0,0,2024-07-13 14:00:00,0.0,0.0,,
2432.0,0,2024-07-13 15:00:00,0.0,0.0,,
2433.0,0,2024-07-13 16:00:00,0.0,0.0,,
2434.0,0,2024-07-13 17:00:00,0.0,0.0,,
2435.0,0,2024-07-13 18:00:00,0.0,0.0,,
2436.0,0,2024-07-13 19:00:00,0.0,0.0,,
2437.0,0,2024-07-13 20:00:00,0.0,0.0,,
2438.0,0,2024-07-13 21:00:00,0.0,0.0,,
2439.0,0,2024-07-13 22:00:00,0.0,0.0,,
2440.0,0,2024-07-13 23:00:00,0.0,0.0,,
2441.0,0,2024-07-14 00:00:00,0.0,0.0,,
2442.0,0,2024-07-14 01:00:00,0.0,0.0,,
2443.0,0,2024-07-14 02:00:00,0.0,0.0,,
2444.0,0,2024-07-14 03:00:00,0.0,0.0,,
2445.0,0,2024-07-14 04:00:00,0.0,0.0,,
2446.0,0,2024-07-14 05:00:00,0.0,0.0,,
2447.0,0,2024-07-14 06:00:00,0.0,0.0,,
2448.0,0,2024-07-14 07:00:00,0.0,0.0,,
2449.0,0,2024-07-14 08:00:00,0.0,0.0,,
2450.0,0,2024-07-14 09:00:00,0.0,0.0,,
2451.0,0,2024-07-14 10:00:00,0.0,0.0,,
2452.0,0,2024-07-14 11:00:00,0.0,0.0,,
2453.0,0,2024-07-14 12:00:00,0.0,0.0,,
2454.0,0,2024-07-14 13:00:00,0.0,0.0,,
2455.0,0,2024-07-14 14:00:00,0.0,0.0,,
2456.0,0,2024-07-14 15:00:00,0.0,0.0,,
2457.0,0,2024-07-14 16:00:00,0.0,0.0,,
2458.0,0,2024-07-14 17:00:00,0.0,0.0,,
2459.0,0,2024-07-14 18:00:00,0.0,0.0,,
2460.0,0,2024-07-14 19:00:00,0.0,0.0,,
2461.0,0,2024-07-14 20:00:00,0.0,0.0,,
2462.0,0,2024-07-14 21:00:00,0.0,0.0,,
2463.0,0,2024-07-14 22:00:00,0.0,0.0,,
2464.0,0,2024-07-14 23:00:00,0.0,0.0,,
2465.0,0,2024-07-15 00:00:00,0.0,0.0,,
2466.0,0,2024-07-15 01:00:00,0.0,0.0,,
2467.0,0,2024-07-15 02:00:00,0.0,0.0,,
2468.0,0,2024-07-15 03:00:00,0.0,0.0,,
2469.0,0,2024-07-15 04:00:00,0.0,0.0,,
2470.0,0,2024-07-15 05:00:00,0.0,0.0,,
2471.0,0,2024-07-15 06:00:00,0.0,0.0,,
2472.0,0,2024-07-15 07:00:00,0.0,0.0,,
2473.0,0,2024-07-15 08:00:00,0.0,0.0,,
2474.0,0,2024-07-15 09:00:00,0.0,0.0,,
2475.0,0,2024-07-15 10:00:00,0.0,0.0,,
2476.0,0,2024-07-15 11:00:00,0.0,0.0,,
2477.0,0,2024-07-15 12:00:00,0.0,0.0,,
2478.0,0,2024-07-15 13:00:00,0.0,0.0,,
2479.0,0,2024-07-15 14:00:00,0.0,0.0,,
2480.0,0,2024-07-15 15:00:00,0.0,0.0,,
2481.0,0,2024-07-15 16:00:00,0.0,0.0,,
2482.0,0,2024-07-15 17:00:00,0.0,0.0,,
2483.0,0,2024-07-15 18:00:00,0.0,0.0,,
2484.0,0,2024-07-15 19:00:00,0.0,0.0,,
2485.0,0,2024-07-15 20:00:00,0.0,0.0,,
2486.0,0,2024-07-15 21:00:00,0.0,0.0,,
2487.0,0,2024-07-15 22:00:00,0.0,0.0,,
2488.0,0,2024-07-15 23:00:00,0.0,0.0,,
2489.0,0,2024-07-16 00:00:00,0.0,0.0,,
2490.0,0,2024-07-16 01:00:00,0.0,0.0,,
2491.0,0,2024-07-16 02:00:00,0.0,0.0,,
2492.0,0,2024-07-16 03:00:00,0.0,0.0,,
2493.0,0,2024-07-16 04:00:00,0.0,0.0,,
2494.0,0,2024-07-16 05:00:00,0.0,0.0,,
2495.0,0,2024-07-16 06:00:00,0.0,0.0,,
2496.0,0,2024-07-16 07:00:00,0.0,0.0,,
2497.0,0,2024-07-16 08:00:00,0.0,0.0,,
2498.0,0,2024-07-16 09:00:00,0.0,0.0,,
2499.0,0,2024-07-16 10:00:00,0.0,0.0,,
2500.0,0,2024-07-16 11:00:00,0.0,0.0,,
2501.0,0,2024-07-16 12:00:00,0.0,0.0,,
2502.0,0,2024-07-16 13:00:00,0.0,0.0,,
2503.0,0,2024-07-16 14:00:00,0.0,0.0,,
2504.0,0,2024-07-16 15:00:00,0.0,0.0,,
2505.0,0,2024-07-16 16:00:00,0.0,0.0,,
2506.0,0,2024-07-16 17:00:00,0.0,0.0,,
2507.0,0,2024-07-16 18:00:00,0.0,0.0,,
2508.0,0,2024-07-16 19:00:00,0.0,0.0,,
2509.0,0,2024-07-16 20:00:00,0.0,0.0,,
2510.0,0,2024-07-16 21:00:00,0.0,0.0,,
2511.0,0,2024-07-16 22:00:00,0.0,0.0,,
2512.0,0,2024-07-16 23:00:00,0.0,0.0,,
2513.0,0,2024-07-17 00:00:00,0.0,0.0,,
2514.0,0,2024-07-17 01:00:00,0.0,0.0,,
2515.0,0,2024-07-17 02:00:00,0.0,0.0,,
2516.0,0,2024-07-17 03:00:00,0.0,0.0,,
2517.0,0,2024-07-17 04:00:00,0.0,0.0,,
2518.0,0,2024-07-17 05:00:00,0.0,0.0,,
2519.0,0,2024-07-17 06:00:00,0.0,0.0,,
2520.0,0,2024-07-17 07:00:00,0.0,0.0,,
2521.0,0,2024-07-17 08:00:00,0.0,0.0,,
2522.0,0,2024-07-17 09:00:00,0.0,0.0,,
2523.0,0,2024-07-17 10:00:00,0.0,0.0,,
2524.0,0,2024-07-17 11:00:00,0.0,0.0,,
2525.0,0,2024-07-17 12:00:00,0.0,0.0,,
2526.0,0,2024-07-17 13:00:00,0.0,0.0,,
2527.0,0,2024-07-17 14:00:00,0.0,0.0,,
2528.0,0,2024-07-17 15:00:00,0.0,0.0,,
2529.0,0,2024-07-17 16:00:00,0.0,0.0,,
2530.0,0,2024-07-17 17:00:00,0.0,0.0,,
2531.0,0,2024-07-17 18:00:00,0.0,0.0,,
2532.0,0,2024-07-17 19:00:00,0.0,0.0,,
2533.0,0,2024-07-17 20:00:00,0.0,0.0,,
2534.0,0,2024-07-17 21:00:00,0.0,0.0,,
2535.0,0,2024-07-17 22:00:00,0.0,0.0,,
2536.0,0,2024-07-17 23:00:00,0.0,0.0,,
2537.0,0,2024-07-18 00:00:00,0.0,0.0,,
2538.0,0,2024-07-18 01:00:00,0.0,0.0,,
2539.0,0,2024-07-18 02:00:00,0.0,0.0,,
2540.0,0,2024-07-18 03:00:00,0.0,0.0,,
2541.0,0,2024-07-18 04:00:00,0.0,0.0,,
2542.0,0,2024-07-18 05:00:00,0.0,0.0,,
2543.0,0,2024-07-18 06:00:00,0.0,0.0,,
2544.0,0,2024-07-18 07:00:00,0.0,0.0,,
2545.0,0,2024-07-18 08:00:00,0.0,0.0,,
2546.0,0,2024-07-18 09:00:00,0.0,0.0,,
2547.0,0,2024-07-18 10:00:00,0.0,0.0,,
2548.0,0,2024-07-18 11:00:00,0.0,0.0,,
2549.0,0,2024-07-18 12:00:00,0.0,0.0,,
2550.0,0,2024-07-18 13:00:00,0.0,0.0,,
2551.0,0,2024-07-18 14:00:00,0.0,0.0,,
2552.0,0,2024-07-18 15:00:00,0.0,0.0,,
2553.0,0,2024-07-18 16:00:00,0.0,0.0,,
2554.0,0,2024-07-18 17:00:00,0.0,0.0,,
2555.0,0,2024-07-18 18:00:00,0.0,0.0,,
2556.0,0,2024-07-18 19:00:00,0.0,0.0,,
2557.0,0,2024-07-18 20:00:00,0.0,0.0,,
2558.0,0,2024-07-18 21:00:00,0.0,0.0,,
2559.0,0,2024-07-18 22:00:00,0.0,0.0,,
2560.0,0,2024-07-18 23:00:00,0.0,0.0,,
2561.0,0,2024-07-19 00:00:00,0.0,0.0,,
2562.0,0,2024-07-19 01:00:00,0.0,0.0,,
2563.0,0,2024-07-19 02:00:00,0.0,0.0,,
2564.0,0,2024-07-19 03:00:00,0.0,0.0,,
2565.0,0,2024-07-19 04:00:00,0.0,0.0,,
2566.0,0,2024-07-19 05:00:00,0.0,0.0,,
2567.0,0,2024-07-19 06:00:00,0.0,0.0,,
2568.0,0,2024-07-19 07:00:00,0.0,0.0,,
2569.0,0,2024-07-19 08:00:00,0.0,0.0,,
2570.0,0,2024-07-19 09:00:00,0.0,0.0,,
2571.0,0,2024-07-19 10:00:00,0.0,0.0,,
2572.0,0,2024-07-19 11:00:00,0.0,0.0,,
2573.0,0,2024-07-19 12:00:00,0.0,0.0,,
2574.0,0,2024-07-19 13:00:00,0.0,0.0,,
2575.0,0,2024-07-19 14:00:00,0.0,0.0,,
2576.0,0,2024-07-19 15:00:00,0.0,0.0,,
2577.0,0,2024-07-19 16:00:00,0.0,0.0,,
2578.0,0,2024-07-19 17:00:00,0.0,0.0,,
2579.0,0,2024-07-19 18:00:00,0.0,0.0,,
2580.0,0,2024-07-19 19:00:00,0.0,0.0,,
2581.0,0,2024-07-19 20:00:00,0.0,0.0,,
2582.0,0,2024-07-19 21:00:00,0.0,0.0,,
2583.0,0,2024-07-19 22:00:00,0.0,0.0,,
2584.0,0,2024-07-19 23:00:00,0.0,0.0,,
2585.0,0,2024-07-20 00:00:00,0.0,0.0,,
2586.0,0,2024-07-20 01:00:00,0.0,0.0,,
2587.0,0,2024-07-20 02:00:00,0.0,0.0,,
2588.0,0,2024-07-20 03:00:00,0.0,0.0,,
2589.0,0,2024-07-20 04:00:00,0.0,0.0,,
2590.0,0,2024-07-20 05:00:00,0.0,0.0,,
2591.0,0,2024-07-20 06:00:00,0.0,0.0,,
2592.0,0,2024-07-20 07:00:00,0.0,0.0,,
2593.0,0,2024-07-20 08:00:00,0.0,0.0,,
2594.0,0,2024-07-20 09:00:00,0.0,0.0,,
2595.0,0,2024-07-20 10:00:00,0.0,0.0,,
2596.0,0,2024-07-20 11:00:00,0.0,0.0,,
2597.0,0,2024-07-20 12:00:00,0.0,0.0,,
2598.0,0,2024-07-20 13:00:00,0.0,0.0,,
2599.0,0,2024-07-20 14:00:00,0.0,0.0,,
2600.0,0,2024-07-20 15:00:00,0.0,0.0,,
2601.0,0,2024-07-20 16:00:00,0.0,0.0,,
2602.0,0,2024-07-20 17:00:00,0.0,0.0,,
2603.0,0,2024-07-20 18:00:00,0.0,0.0,,
2604.0,0,2024-07-20 19:00:00,0.0,0.0,,
2605.0,0,2024-07-20 20:00:00,0.0,0.0,,
2606.0,0,2024-07-20 21:00:00,0.0,0.0,,
2607.0,0,2024-07-20 22:00:00,0.0,0.0,,
2608.0,0,2024-07-20 23:00:00,0.0,0.0,,
2609.0,0,2024-07-21 00:00:00,0.0,0.0,,
2610.0,0,2024-07-21 01:00:00,0.0,0.0,,
2611.0,0,2024-07-21 02:00:00,0.0,0.0,,
2612.0,0,2024-07-21 03:00:00,0.0,0.0,,
2613.0,0,2024-07-21 04:00:00,0.0,0.0,,
2614.0,0,2024-07-21 05:00:00,0.0,0.0,,
2615.0,0,2024-07-21 06:00:00,0.0,0.0,,
2616.0,0,2024-07-21 07:00:00,0.0,0.0,,
2617.0,0,2024-07-21 08:00:00,0.0,0.0,,
2618.0,0,2024-07-21 09:00:00,0.0,0.0,,
2619.0,0,2024-07-21 10:00:00,0.0,0.0,,
2620.0,0,2024-07-21 11:00:00,0.0,0.0,,
2621.0,0,2024-07-21 12:00:00,0.0,0.0,,
2622.0,0,2024-07-21 13:00:00,0.0,0.0,,
2623.0,0,2024-07-21 14:00:00,0.0,0.0,,
2624.0,0,2024-07-21 15:00:00,0.0,0.0,,
2625.0,0,2024-07-21 16:00:00,0.0,0.0,,
2626.0,0,2024-07-21 17:00:00,0.0,0.0,,
2627.0,0,2024-07-21 18:00:00,0.0,0.0,,
2628.0,0,2024-07-21 19:00:00,0.0,0.0,,
2629.0,0,2024-07-21 20:00:00,0.0,0.0,,
2630.0,0,2024-07-21 21:00:00,0.0,0.0,,
2631.0,0,2024-07-21 22:00:00,0.0,0.0,,
2632.0,0,2024-07-21 23:00:00,0.0,0.0,,
2633.0,0,2024-07-22 00:00:00,0.0,0.0,,
2634.0,0,2024-07-22 01:00:00,0.0,0.0,,
2635.0,0,2024-07-22 02:00:00,0.0,0.0,,
2636.0,0,2024-07-22 03:00:00,0.0,0.0,,
2637.0,0,2024-07-22 04:00:00,0.0,0.0,,
2638.0,0,2024-07-22 05:00:00,0.0,0.0,,
2639.0,0,2024-07-22 06:00:00,0.0,0.0,,
2640.0,0,2024-07-22 07:00:00,0.0,0.0,,
2641.0,0,2024-07-22 08:00:00,0.0,0.0,,
2642.0,0,2024-07-22 09:00:00,0.0,0.0,,
2643.0,0,2024-07-22 10:00:00,0.0,0.0,,
2644.0,0,2024-07-22 11:00:00,0.0,0.0,,
2645.0,0,2024-07-22 12:00:00,0.0,0.0,,
2646.0,0,2024-07-22 13:00:00,0.0,0.0,,
2647.0,0,2024-07-22 14:00:00,0.0,0.0,,
2648.0,0,2024-07-22 15:00:00,0.0,0.0,,
2649.0,0,2024-07-22 16:00:00,0.0,0.0,,
2650.0,0,2024-07-22 17:00:00,0.0,0.0,,
2651.0,0,2024-07-22 18:00:00,0.0,0.0,,
2652.0,0,2024-07-22 19:00:00,0.0,0.0,,
2653.0,0,2024-07-22 20:00:00,0.0,0.0,,
2654.0,0,2024-07-22 21:00:00,0.0,0.0,,
2655.0,0,2024-07-22 22:00:00,0.0,0.0,,
2656.0,0,2024-07-22 23:00:00,0.0,0.0,,
2657.0,0,2024-07-23 00:00:00,0.0,0.0,,
2658.0,0,2024-07-23 01:00:00,0.0,0.0,,
2659.0,0,2024-07-23 02:00:00,0.0,0.0,,
2660.0,0,2024-07-23 03:00:00,0.0,0.0,,
2661.0,0,2024-07-23 04:00:00,0.0,0.0,,
2662.0,0,2024-07-23 05:00:00,0.0,0.0,,
2663.0,0,2024-07-23 06:00:00,0.0,0.0,,
2664.0,0,2024-07-23 07:00:00,0.0,0.0,,
2665.0,0,2024-07-23 08:00:00,0.0,0.0,,
2666.0,0,2024-07-23 09:00:00,0.0,0.0,,
2667.0,0,2024-07-23 10:00:00,0.0,0.0,,
2668.0,0,2024-07-23 11:00:00,0.0,0.0,,
2669.0,0,2024-07-23 12:00:00,0.0,0.0,,
2670.0,0,2024-07-23 13:00:00,0.0,0.0,,
2671.0,0,2024-07-23 14:00:00,0.0,0.0,,
2672.0,0,2024-07-23 15:00:00,0.0,0.0,,
2673.0,0,2024-07-23 16:00:00,0.0,0.0,,
2674.0,0,2024-07-23 17:00:00,0.0,0.0,,
2675.0,0,2024-07-23 18:00:00,0.0,0.0,,
2676.0,0,2024-07-23 19:00:00,0.0,0.0,,
2677.0,0,2024-07-23 20:00:00,0.0,0.0,,
2678.0,0,2024-07-23 21:00:00,0.0,0.0,,
2679.0,0,2024-07-23 22:00:00,0.0,0.0,,
2680.0,0,2024-07-23 23:00:00,0.0,0.0,,
2681.0,0,2024-07-24 00:00:00,0.0,0.0,,
2682.0,0,2024-07-24 01:00:00,0.0,0.0,,
2683.0,0,2024-07-24 02:00:00,0.0,0.0,,
2684.0,0,2024-07-24 03:00:00,0.0,0.0,,
2685.0,0,2024-07-24 04:00:00,0.0,0.0,,
2686.0,0,2024-07-24 05:00:00,0.0,0.0,,
2687.0,0,2024-07-24 06:00:00,0.0,0.0,,
2688.0,0,2024-07-24 07:00:00,0.0,0.0,,
2689.0,0,2024-07-24 08:00:00,0.0,0.0,,
2690.0,0,2024-07-24 09:00:00,0.0,0.0,,
2691.0,0,2024-07-24 10:00:00,0.0,0.0,,
2692.0,0,2024-07-24 11:00:00,0.0,0.0,,
2693.0,0,2024-07-24 12:00:00,0.0,0.0,,
2694.0,0,2024-07-24 13:00:00,0.0,0.0,,
2695.0,0,2024-07-24 14:00:00,0.0,0.0,,
2696.0,0,2024-07-24 15:00:00,0.0,0.0,,
2697.0,0,2024-07-24 16:00:00,0.0,0.0,,
2698.0,0,2024-07-24 17:00:00,0.0,0.0,,
2699.0,0,2024-07-24 18:00:00,0.0,0.0,,
2700.0,0,2024-07-24 19:00:00,0.0,0.0,,
2701.0,0,2024-07-24 20:00:00,0.0,0.0,,
2702.0,0,2024-07-24 21:00:00,0.0,0.0,,
2703.0,0,2024-07-24 22:00:00,0.0,0.0,,
2704.0,0,2024-07-24 23:00:00,0.0,0.0,,
2705.0,0,2024-07-25 00:00:00,0.0,0.0,,
2706.0,0,2024-07-25 01:00:00,0.0,0.0,,
2707.0,0,2024-07-25 02:00:00,0.0,0.0,,
2708.0,0,2024-07-25 03:00:00,0.0,0.0,,
2709.0,0,2024-07-25 04:00:00,0.0,0.0,,
2710.0,0,2024-07-25 05:00:00,0.0,0.0,,
2711.0,0,2024-07-25 06:00:00,0.0,0.0,,
2712.0,0,2024-07-25 07:00:00,0.0,0.0,,
2713.0,0,2024-07-25 08:00:00,0.0,0.0,,
2714.0,0,2024-07-25 09:00:00,0.0,0.0,,
2715.0,0,2024-07-25 10:00:00,0.0,0.0,,
2716.0,0,2024-07-25 11:00:00,0.0,0.0,,
2717.0,0,2024-07-25 12:00:00,0.0,0.0,,
2718.0,0,2024-07-25 13:00:00,0.0,0.0,,
2719.0,0,2024-07-25 14:00:00,0.0,0.0,,
2720.0,0,2024-07-25 15:00:00,0.0,0.0,,
2721.0,0,2024-07-25 16:00:00,0.0,0.0,,
2722.0,0,2024-07-25 17:00:00,0.0,0.0,,
2723.0,0,2024-07-25 18:00:00,0.0,0.0,,
2724.0,0,2024-07-25 19:00:00,0.0,0.0,,
2725.0,0,2024-07-25 20:00:00,0.0,0.0,,
2726.0,0,2024-07-25 21:00:00,0.0,0.0,,
2727.0,0,2024-07-25 22:00:00,0.0,0.0,,
2728.0,0,2024-07-25 23:00:00,0.0,0.0,,
2729.0,0,2024-07-26 00:00:00,0.0,0.0,,
2730.0,0,2024-07-26 01:00:00,0.0,0.0,,
2731.0,0,2024-07-26 02:00:00,0.0,0.0,,
2732.0,0,2024-07-26 03:00:00,0.0,0.0,,
2733.0,0,2024-07-26 04:00:00,0.0,0.0,,
2734.0,0,2024-07-26 05:00:00,0.0,0.0,,
2735.0,0,2024-07-26 06:00:00,0.0,0.0,,
2736.0,0,2024-07-26 07:00:00,0.0,0.0,,
2737.0,0,2024-07-26 08:00:00,0.0,0.0,,
2738.0,0,2024-07-26 09:00:00,0.0,0.0,,
2739.0,0,2024-07-26 10:00:00,0.0,0.0,,
2740.0,0,2024-07-26 11:00:00,0.0,0.0,,
2741.0,0,2024-07-26 12:00:00,0.0,0.0,,
2742.0,0,2024-07-26 13:00:00,0.0,0.0,,
2743.0,0,2024-07-26 14:00:00,0.0,0.0,,
2744.0,0,2024-07-26 15:00:00,0.0,0.0,,
2745.0,0,2024-07-26 16:00:00,0.0,0.0,,
2746.0,0,2024-07-26 17:00:00,0.0,0.0,,
2747.0,0,2024-07-26 18:00:00,0.0,0.0,,
2748.0,0,2024-07-26 19:00:00,0.0,0.0,,
2749.0,0,2024-07-26 20:00:00,0.0,0.0,,
2750.0,0,2024-07-26 21:00:00,0.0,0.0,,
2751.0,0,2024-07-26 22:00:00,0.0,0.0,,
2752.0,0,2024-07-26 23:00:00,0.0,0.0,,
2753.0,0,2024-07-27 00:00:00,0.0,0.0,,
2754.0,0,2024-07-27 01:00:00,0.0,0.0,,
2755.0,0,2024-07-27 02:00:00,0.0,0.0,,
2756.0,0,2024-07-27 03:00:00,0.0,0.0,,
2757.0,0,2024-07-27 04:00:00,0.0,0.0,,
2758.0,0,2024-07-27 05:00:00,0.0,0.0,,
2759.0,0,2024-07-27 06:00:00,0.0,0.0,,
2760.0,0,2024-07-27 07:00:00,0.0,0.0,,
2761.0,0,2024-07-27 08:00:00,0.0,0.0,,
2762.0,0,2024-07-27 09:00:00,0.0,0.0,,
2763.0,0,2024-07-27 10:00:00,0.0,0.0,,
2764.0,0,2024-07-27 11:00:00,0.0,0.0,,
2765.0,0,2024-07-27 12:00:00,0.0,0.0,,
2766.0,0,2024-07-27 13:00:00,0.0,0.0,,
2767.0,0,2024-07-27 14:00:00,0.0,0.0,,
2768.0,0,2024-07-27 15:00:00,0.0,0.0,,
2769.0,0,2024-07-27 16:00:00,0.0,0.0,,
2770.0,0,2024-07-27 17:00:00,0.0,0.0,,
2771.0,0,2024-07-27 18:00:00,0.0,0.0,,
2772.0,0,2024-07-27 19:00:00,0.0,0.0,,
2773.0,0,2024-07-27 20:00:00,0.0,0.0,,
2774.0,0,2024-07-27 21:00:00,0.0,0.0,,
2775.0,0,2024-07-27 22:00:00,0.0,0.0,,
2776.0,0,2024-07-27 23:00:00,0.0,0.0,,
2777.0,0,2024-07-28 00:00:00,0.0,0.0,,
2778.0,0,2024-07-28 01:00:00,0.0,0.0,,
2779.0,0,2024-07-28 02:00:00,0.0,0.0,,
2780.0,0,2024-07-28 03:00:00,0.0,0.0,,
2781.0,0,2024-07-28 04:00:00,0.0,0.0,,
2782.0,0,2024-07-28 05:00:00,0.0,0.0,,
2783.0,0,2024-07-28 06:00:00,0.0,0.0,,
2784.0,0,2024-07-28 07:00:00,0.0,0.0,,
2785.0,0,2024-07-28 08:00:00,0.0,0.0,,
2786.0,0,2024-07-28 09:00:00,0.0,0.0,,
2787.0,0,2024-07-28 10:00:00,0.0,0.0,,
2788.0,0,2024-07-28 11:00:00,0.0,0.0,,
2789.0,0,2024-07-28 12:00:00,0.0,0.0,,
2790.0,0,2024-07-28 13:00:00,0.0,0.0,,
2791.0,0,2024-07-28 14:00:00,0.0,0.0,,
2792.0,0,2024-07-28 15:00:00,0.0,0.0,,
2793.0,0,2024-07-28 16:00:00,0.0,0.0,,
2794.0,0,2024-07-28 17:00:00,0.0,0.0,,
2795.0,0,2024-07-28 18:00:00,0.0,0.0,,
2796.0,0,2024-07-28 19:00:00,0.0,0.0,,
2797.0,0,2024-07-28 20:00:00,0.0,0.0,,
2798.0,0,2024-07-28 21:00:00,0.0,0.0,,
2799.0,0,2024-07-28 22:00:00,0.0,0.0,,
2800.0,0,2024-07-28 23:00:00,0.0,0.0,,
2801.0,0,2024-07-29 00:00:00,0.0,0.0,,
2802.0,0,2024-07-29 01:00:00,0.0,0.0,,
2803.0,0,2024-07-29 02:00:00,0.0,0.0,,
2804.0,0,2024-07-29 03:00:00,0.0,0.0,,
2805.0,0,2024-07-29 04:00:00,0.0,0.0,,
2806.0,0,2024-07-29 05:00:00,0.0,0.0,,
2807.0,0,2024-07-29 06:00:00,0.0,0.0,,
2808.0,0,2024-07-29 07:00:00,0.0,0.0,,
2809.0,0,2024-07-29 08:00:00,0.0,0.0,,
2810.0,0,2024-07-29 09:00:00,0.0,0.0,,
2811.0,0,2024-07-29 10:00:00,0.0,0.0,,
2812.0,0,2024-07-29 11:00:00,0.0,0.0,,
2813.0,0,2024-07-29 12:00:00,0.0,0.0,,
2814.0,0,2024-07-29 13:00:00,0.0,0.0,,
2815.0,0,2024-07-29 14:00:00,0.0,0.0,,
2816.0,0,2024-07-29 15:00:00,0.0,0.0,,
2817.0,0,2024-07-29 16:00:00,0.0,0.0,,
2818.0,0,2024-07-29 17:00:00,0.0,0.0,,
2819.0,0,2024-07-29 18:00:00,0.0,0.0,,
2820.0,0,2024-07-29 19:00:00,0.0,0.0,,
2821.0,0,2024-07-29 20:00:00,0.0,0.0,,
2822.0,0,2024-07-29 21:00:00,0.0,0.0,,
2823.0,0,2024-07-29 22:00:00,0.0,0.0,,
2824.0,0,2024-07-29 23:00:00,0.0,0.0,,
2825.0,0,2024-07-30 00:00:00,0.0,0.0,,
2826.0,0,2024-07-30 01:00:00,0.0,0.0,,
2827.0,0,2024-07-30 02:00:00,0.0,0.0,,
2828.0,0,2024-07-30 03:00:00,0.0,0.0,,
2829.0,0,2024-07-30 04:00:00,0.0,0.0,,
2830.0,0,2024-07-30 05:00:00,0.0,0.0,,
2831.0,0,2024-07-30 06:00:00,0.0,0.0,,
2832.0,0,2024-07-30 07:00:00,0.0,0.0,,
2833.0,0,2024-07-30 08:00:00,0.0,0.0,,
2834.0,0,2024-07-30 09:00:00,0.0,0.0,,
2835.0,0,2024-07-30 10:00:00,0.0,0.0,,
2836.0,0,2024-07-30 11:00:00,0.0,0.0,,
2837.0,0,2024-07-30 12:00:00,0.0,0.0,,
2838.0,0,2024-07-30 13:00:00,0.0,0.0,,
2839.0,0,2024-07-30 14:00:00,0.0,0.0,,
2840.0,0,2024-07-30 15:00:00,0.0,0.0,,
2841.0,0,2024-07-30 16:00:00,0.0,0.0,,
2842.0,0,2024-07-30 17:00:00,0.0,0.0,,
2843.0,0,2024-07-30 18:00:00,0.0,0.0,,
2844.0,0,2024-07-30 19:00:00,0.0,0.0,,
2845.0,0,2024-07-30 20:00:00,0.0,0.0,,
2846.0,0,2024-07-30 21:00:00,0.0,0.0,,
2847.0,0,2024-07-30 22:00:00,0.0,0.0,,
2848.0,0,2024-07-30 23:00:00,0.0,0.0,,
2849.0,0,2024-07-31 00:00:00,0.0,0.0,,
2850.0,0,2024-07-31 01:00:00,0.0,0.0,,
2851.0,0,2024-07-31 02:00:00,0.0,0.0,,
2852.0,0,2024-07-31 03:00:00,0.0,0.0,,
2853.0,0,2024-07-31 04:00:00,0.0,0.0,,
2854.0,0,2024-07-31 05:00:00,0.0,0.0,,
2855.0,0,2024-07-31 06:00:00,0.0,0.0,,
2856.0,0,2024-07-31 07:00:00,0.0,0.0,,
2857.0,0,2024-07-31 08:00:00,0.0,0.0,,
2858.0,0,2024-07-31 09:00:00,0.0,0.0,,
2859.0,0,2024-07-31 10:00:00,0.0,0.0,,
2860.0,0,2024-07-31 11:00:00,0.0,0.0,,
2861.0,0,2024-07-31 12:00:00,0.0,0.0,,
2862.0,0,2024-07-31 13:00:00,0.0,0.0,,
2863.0,0,2024-07-31 14:00:00,0.0,0.0,,
2864.0,0,2024-07-31 15:00:00,0.0,0.0,,
2865.0,0,2024-07-31 16:00:00,0.0,0.0,,
2866.0,0,2024-07-31 17:00:00,0.0,0.0,,
2867.0,0,2024-07-31 18:00:00,0.0,0.0,,
2868.0,0,2024-07-31 19:00:00,0.0,0.0,,
2869.0,0,2024-07-31 20:00:00,0.0,0.0,,
2870.0,0,2024-07-31 21:00:00,0.0,0.0,,
2871.0,0,2024-07-31 22:00:00,0.0,0.0,,
2872.0,0,2024-07-31 23:00:00,0.0,0.0,,
2873.0,0,2024-08-01 00:00:00,0.0,0.0,,
2874.0,0,2024-08-01 01:00:00,0.0,0.0,,
2875.0,0,2024-08-01 02:00:00,0.0,0.0,,
2876.0,0,2024-08-01 03:00:00,0.0,0.0,,
2877.0,0,2024-08-01 04:00:00,0.0,0.0,,
2878.0,0,2024-08-01 05:00:00,0.0,0.0,,
2879.0,0,2024-08-01 06:00:00,0.0,0.0,,
2880.0,0,2024-08-01 07:00:00,0.0,0.0,,
2881.0,0,2024-08-01 08:00:00,0.0,0.0,,
2882.0,0,2024-08-01 09:00:00,0.0,0.0,,
2883.0,0,2024-08-01 10:00:00,0.0,0.0,,
2884.0,0,2024-08-01 11:00:00,0.0,0.0,,
2885.0,0,2024-08-01 12:00:00,0.0,0.0,,
2886.0,0,2024-08-01 13:00:00,0.0,0.0,,
2887.0,0,2024-08-01 14:00:00,0.0,0.0,,
2888.0,0,2024-08-01 15:00:00,0.0,0.0,,
2889.0,0,2024-08-01 16:00:00,0.0,0.0,,
2890.0,0,2024-08-01 17:00:00,0.0,0.0,,
2891.0,0,2024-08-01 18:00:00,0.0,0.0,,
2892.0,0,2024-08-01 19:00:00,0.0,0.0,,
2893.0,0,2024-08-01 20:00:00,0.0,0.0,,
2894.0,0,2024-08-01 21:00:00,0.0,0.0,,
2895.0,0,2024-08-01 22:00:00,0.0,0.0,,
2896.0,0,2024-08-01 23:00:00,0.0,0.0,,
2897.0,0,2024-08-02 00:00:00,0.0,0.0,,
2898.0,0,2024-08-02 01:00:00,0.0,0.0,,
2899.0,0,2024-08-02 02:00:00,0.0,0.0,,
2900.0,0,2024-08-02 03:00:00,0.0,0.0,,
2901.0,0,2024-08-02 04:00:00,0.0,0.0,,
2902.0,0,2024-08-02 05:00:00,0.0,0.0,,
2903.0,0,2024-08-02 06:00:00,0.0,0.0,,
2904.0,0,2024-08-02 07:00:00,0.0,0.0,,
2905.0,0,2024-08-02 08:00:00,0.0,0.0,,
2906.0,0,2024-08-02 09:00:00,0.0,0.0,,
2907.0,0,2024-08-02 10:00:00,0.0,0.0,,
2908.0,0,2024-08-02 11:00:00,0.0,0.0,,
2909.0,0,2024-08-02 12:00:00,0.0,0.0,,
2910.0,0,2024-08-02 13:00:00,0.0,0.0,,
2911.0,0,2024-08-02 14:00:00,0.0,0.0,,
2912.0,0,2024-08-02 15:00:00,0.0,0.0,,
2913.0,0,2024-08-02 16:00:00,0.0,0.0,,
2914.0,0,2024-08-02 17:00:00,0.0,0.0,,
2915.0,0,2024-08-02 18:00:00,0.0,0.0,,
2916.0,0,2024-08-02 19:00:00,0.0,0.0,,
2917.0,0,2024-08-02 20:00:00,0.0,0.0,,
2918.0,0,2024-08-02 21:00:00,0.0,0.0,,
2919.0,0,2024-08-02 22:00:00,0.0,0.0,,
2920.0,0,2024-08-02 23:00:00,0.0,0.0,,
2921.0,0,2024-08-03 00:00:00,0.0,0.0,,
2922.0,0,2024-08-03 01:00:00,0.0,0.0,,
2923.0,0,2024-08-03 02:00:00,0.0,0.0,,
2924.0,0,2024-08-03 03:00:00,0.0,0.0,,
2925.0,0,2024-08-03 04:00:00,0.0,0.0,,
2926.0,0,2024-08-03 05:00:00,0.0,0.0,,
2927.0,0,2024-08-03 06:00:00,0.0,0.0,,
2928.0,0,2024-08-03 07:00:00,0.0,0.0,,
2929.0,0,2024-08-03 08:00:00,0.0,0.0,,
2930.0,0,2024-08-03 09:00:00,0.0,0.0,,
2931.0,0,2024-08-03 10:00:00,0.0,0.0,,
2932.0,0,2024-08-03 11:00:00,0.0,0.0,,
2933.0,0,2024-08-03 12:00:00,0.0,0.0,,
2934.0,0,2024-08-03 13:00:00,0.0,0.0,,
2935.0,0,2024-08-03 14:00:00,0.0,0.0,,
2936.0,0,2024-08-03 15:00:00,0.0,0.0,,
2937.0,0,2024-08-03 16:00:00,0.0,0.0,,
2938.0,0,2024-08-03 17:00:00,0.0,0.0,,
2939.0,0,2024-08-03 18:00:00,0.0,0.0,,
2940.0,0,2024-08-03 19:00:00,0.0,0.0,,
2941.0,0,2024-08-03 20:00:00,0.0,0.0,,
2942.0,0,2024-08-03 21:00:00,0.0,0.0,,
2943.0,0,2024-08-03 22:00:00,0.0,0.0,,
2944.0,0,2024-08-03 23:00:00,0.0,0.0,,
2945.0,0,2024-08-04 00:00:00,0.0,0.0,,
2946.0,0,2024-08-04 01:00:00,0.0,0.0,,
2947.0,0,2024-08-04 02:00:00,0.0,0.0,,
2948.0,0,2024-08-04 03:00:00,0.0,0.0,,
2949.0,0,2024-08-04 04:00:00,0.0,0.0,,
2950.0,0,2024-08-04 05:00:00,0.0,0.0,,
2951.0,0,2024-08-04 06:00:00,0.0,0.0,,
2952.0,0,2024-08-04 07:00:00,0.0,0.0,,
2953.0,0,2024-08-04 08:00:00,0.0,0.0,,
2954.0,0,2024-08-04 09:00:00,0.0,0.0,,
2955.0,0,2024-08-04 10:00:00,0.0,0.0,,
2956.0,0,2024-08-04 11:00:00,0.0,0.0,,
2957.0,0,2024-08-04 12:00:00,0.0,0.0,,
2958.0,0,2024-08-04 13:00:00,0.0,0.0,,
2959.0,0,2024-08-04 14:00:00,0.0,0.0,,
2960.0,0,2024-08-04 15:00:00,0.0,0.0,,
2961.0,0,2024-08-04 16:00:00,0.0,0.0,,
2962.0,0,2024-08-04 17:00:00,0.0,0.0,,
2963.0,0,2024-08-04 18:00:00,0.0,0.0,,
2964.0,0,2024-08-04 19:00:00,0.0,0.0,,
2965.0,0,2024-08-04 20:00:00,0.0,0.0,,
2966.0,0,2024-08-04 21:00:00,0.0,0.0,,
2967.0,0,2024-08-04 22:00:00,0.0,0.0,,
2968.0,0,2024-08-04 23:00:00,0.0,0.0,,
2969.0,0,2024-08-05 00:00:00,0.0,0.0,,
2970.0,0,2024-08-05 01:00:00,0.0,0.0,,
2971.0,0,2024-08-05 02:00:00,0.0,0.0,,
2972.0,0,2024-08-05 03:00:00,0.0,0.0,,
2973.0,0,2024-08-05 04:00:00,0.0,0.0,,
2974.0,0,2024-08-05 05:00:00,0.0,0.0,,
2975.0,0,2024-08-05 06:00:00,0.0,0.0,,
2976.0,0,2024-08-05 07:00:00,0.0,0.0,,
2977.0,0,2024-08-05 08:00:00,0.0,0.0,,
2978.0,0,2024-08-05 09:00:00,0.0,0.0,,
2979.0,0,2024-08-05 10:00:00,0.0,0.0,,
2980.0,0,2024-08-05 11:00:00,0.0,0.0,,
2981.0,0,2024-08-05 12:00:00,0.0,0.0,,
2982.0,0,2024-08-05 13:00:00,0.0,0.0,,
2983.0,0,2024-08-05 14:00:00,0.0,0.0,,
2984.0,0,2024-08-05 15:00:00,0.0,0.0,,
2985.0,0,2024-08-05 16:00:00,0.0,0.0,,
2986.0,0,2024-08-05 17:00:00,0.0,0.0,,
2987.0,0,2024-08-05 18:00:00,0.0,0.0,,
2988.0,0,2024-08-05 19:00:00,0.0,0.0,,
2989.0,0,2024-08-05 20:00:00,0.0,0.0,,
2990.0,0,2024-08-05 21:00:00,0.0,0.0,,
2991.0,0,2024-08-05 22:00:00,0.0,0.0,,
2992.0,0,2024-08-05 23:00:00,0.0,0.0,,
2993.0,0,2024-08-06 00:00:00,0.0,0.0,,
2994.0,0,2024-08-06 01:00:00,0.0,0.0,,
2995.0,0,2024-08-06 02:00:00,0.0,0.0,,
2996.0,0,2024-08-06 03:00:00,0.0,0.0,,
2997.0,0,2024-08-06 04:00:00,0.0,0.0,,
2998.0,0,2024-08-06 05:00:00,0.0,0.0,,
2999.0,0,2024-08-06 06:00:00,0.0,0.0,,
3000.0,0,2024-08-06 07:00:00,0.0,0.0,,
3001.0,0,2024-08-06 08:00:00,0.0,0.0,,
3002.0,0,2024-08-06 09:00:00,0.0,0.0,,
3003.0,0,2024-08-06 10:00:00,0.0,0.0,,
3004.0,0,2024-08-06 11:00:00,0.0,0.0,,
3005.0,0,2024-08-06 12:00:00,0.0,0.0,,
3006.0,0,2024-08-06 13:00:00,0.0,0.0,,
3007.0,0,2024-08-06 14:00:00,0.0,0.0,,
3008.0,0,2024-08-06 15:00:00,0.0,0.0,,
3009.0,0,2024-08-06 16:00:00,0.0,0.0,,
3010.0,0,2024-08-06 17:00:00,0.0,0.0,,
3011.0,0,2024-08-06 18:00:00,0.0,0.0,,
3012.0,0,2024-08-06 19:00:00,0.0,0.0,,
3013.0,0,2024-08-06 20:00:00,0.0,0.0,,
3014.0,0,2024-08-06 21:00:00,0.0,0.0,,
3015.0,0,2024-08-06 22:00:00,0.0,0.0,,
3016.0,0,2024-08-06 23:00:00,0.0,0.0,,
3017.0,0,2024-08-07 00:00:00,0.0,0.0,,
3018.0,0,2024-08-07 01:00:00,0.0,0.0,,
3019.0,0,2024-08-07 02:00:00,0.0,0.0,,
3020.0,0,2024-08-07 03:00:00,0.0,0.0,,
3021.0,0,2024-08-07 04:00:00,0.0,0.0,,
3022.0,0,2024-08-07 05:00:00,0.0,0.0,,
3023.0,0,2024-08-07 06:00:00,0.0,0.0,,
3024.0,0,2024-08-07 07:00:00,0.0,0.0,,
3025.0,0,2024-08-07 08:00:00,0.0,0.0,,
3026.0,0,2024-08-07 09:00:00,0.0,0.0,,
3027.0,0,2024-08-07 10:00:00,0.0,0.0,,
3028.0,0,2024-08-07 11:00:00,0.0,0.0,,
3029.0,0,2024-08-07 12:00:00,0.0,39000.0,bytes,Cloud Pub/Sub
3030.0,0,2024-08-07 13:00:00,0.0,3258.0,bytes,Cloud Pub/Sub
3031.0,0,2024-08-07 14:00:00,0.0,3160.0,bytes,Cloud Pub/Sub
3032.0,0,2024-08-07 15:00:00,0.0,41837.0,bytes,Cloud Pub/Sub
3033.0,0,2024-08-07 16:00:00,0.0,101611.0,bytes,Cloud Pub/Sub
3034.0,0,2024-08-07 17:00:00,0.0,149348.0,bytes,Cloud Pub/Sub
3035.0,0,2024-08-07 18:00:00,0.0,180947.0,bytes,Cloud Pub/Sub
3036.0,0,2024-08-07 19:00:00,0.0,0.0,,
3037.0,0,2024-08-07 20:00:00,0.0,0.0,,
3038.0,0,2024-08-07 21:00:00,0.0,0.0,,
3039.0,0,2024-08-07 22:00:00,0.0,0.0,,
3040.0,0,2024-08-07 23:00:00,0.0,0.0,,
3041.0,0,2024-08-08 00:00:00,0.0,0.0,,
3042.0,0,2024-08-08 01:00:00,0.0,0.0,,
3043.0,0,2024-08-08 02:00:00,0.0,0.0,,
3044.0,0,2024-08-08 03:00:00,0.0,0.0,,
3045.0,0,2024-08-08 04:00:00,0.0,0.0,,
3046.0,0,2024-08-08 05:00:00,0.0,0.0,,
3047.0,0,2024-08-08 06:00:00,0.0,0.0,,
3048.0,0,2024-08-08 07:00:00,0.0,0.0,,
3049.0,0,2024-08-08 08:00:00,0.0,0.0,,
3050.0,0,2024-08-08 09:00:00,0.0,0.0,,
3051.0,0,2024-08-08 10:00:00,0.0,0.0,,
3052.0,0,2024-08-08 11:00:00,0.0,0.0,,
3053.0,0,2024-08-08 12:00:00,0.0,0.0,,
3054.0,0,2024-08-08 13:00:00,0.0,0.0,,
3055.0,0,2024-08-08 14:00:00,0.0,9046296.0,bytes,Cloud Pub/Sub
3056.0,0,2024-08-08 15:00:00,0.0,563912.0,bytes,Cloud Pub/Sub
3057.0,0,2024-08-08 16:00:00,0.0,95612.0,bytes,Cloud Pub/Sub
3058.0,0,2024-08-08 17:00:00,0.0,0.0,,
3059.0,0,2024-08-08 18:00:00,0.0,0.0,,
3060.0,0,2024-08-08 19:00:00,0.0,0.0,,
3061.0,0,2024-08-08 20:00:00,0.0,0.0,,
3062.0,0,2024-08-08 21:00:00,0.0,0.0,,
3063.0,0,2024-08-08 22:00:00,0.0,0.0,,
3064.0,0,2024-08-08 23:00:00,0.0,0.0,,
3065.0,0,2024-08-09 00:00:00,0.0,0.0,,
3066.0,0,2024-08-09 01:00:00,0.0,0.0,,
3067.0,0,2024-08-09 02:00:00,0.0,0.0,,
3068.0,0,2024-08-09 03:00:00,0.0,0.0,,
3069.0,0,2024-08-09 04:00:00,0.0,0.0,,
3070.0,0,2024-08-09 05:00:00,0.0,0.0,,
3071.0,0,2024-08-09 06:00:00,0.0,0.0,,
3072.0,0,2024-08-09 07:00:00,0.0,0.0,,
3073.0,0,2024-08-09 08:00:00,0.0,0.0,,
3074.0,0,2024-08-09 09:00:00,0.0,0.0,,
3075.0,0,2024-08-09 10:00:00,0.0,0.0,,
3076.0,0,2024-08-09 11:00:00,0.0,0.0,,
3077.0,0,2024-08-09 12:00:00,0.0,0.0,,
3078.0,0,2024-08-09 13:00:00,0.0,0.0,,
3079.0,0,2024-08-09 14:00:00,0.0,0.0,,
3080.0,0,2024-08-09 15:00:00,0.0,0.0,,
3081.0,0,2024-08-09 16:00:00,0.0,0.0,,
3082.0,0,2024-08-09 17:00:00,0.0,0.0,,
3083.0,0,2024-08-09 18:00:00,0.0,0.0,,
3084.0,0,2024-08-09 19:00:00,0.0,0.0,,
3085.0,0,2024-08-09 20:00:00,0.0,0.0,,
3086.0,0,2024-08-09 21:00:00,0.0,0.0,,
3087.0,0,2024-08-09 22:00:00,0.0,0.0,,
3088.0,0,2024-08-09 23:00:00,0.0,0.0,,
3089.0,0,2024-08-10 00:00:00,0.0,0.0,,
3090.0,0,2024-08-10 01:00:00,0.0,0.0,,
3091.0,0,2024-08-10 02:00:00,0.0,0.0,,
3092.0,0,2024-08-10 03:00:00,0.0,0.0,,
3093.0,0,2024-08-10 04:00:00,0.0,0.0,,
3094.0,0,2024-08-10 05:00:00,0.0,0.0,,
3095.0,0,2024-08-10 06:00:00,0.0,0.0,,
3096.0,0,2024-08-10 07:00:00,0.0,0.0,,
3097.0,0,2024-08-10 08:00:00,0.0,0.0,,
3098.0,0,2024-08-10 09:00:00,0.0,0.0,,
3099.0,0,2024-08-10 10:00:00,0.0,0.0,,
3100.0,0,2024-08-10 11:00:00,0.0,0.0,,
3101.0,0,2024-08-10 12:00:00,0.0,0.0,,
3102.0,0,2024-08-10 13:00:00,0.0,0.0,,
3103.0,0,2024-08-10 14:00:00,0.0,0.0,,
3104.0,0,2024-08-10 15:00:00,0.0,0.0,,
3105.0,0,2024-08-10 16:00:00,0.0,0.0,,
3106.0,0,2024-08-10 17:00:00,0.0,0.0,,
3107.0,0,2024-08-10 18:00:00,0.0,0.0,,
3108.0,0,2024-08-10 19:00:00,0.0,0.0,,
3109.0,0,2024-08-10 20:00:00,0.0,0.0,,
3110.0,0,2024-08-10 21:00:00,0.0,0.0,,
3111.0,0,2024-08-10 22:00:00,0.0,0.0,,
3112.0,0,2024-08-10 23:00:00,0.0,0.0,,
3113.0,0,2024-08-11 00:00:00,0.0,0.0,,
3114.0,0,2024-08-11 01:00:00,0.0,0.0,,
3115.0,0,2024-08-11 02:00:00,0.0,0.0,,
3116.0,0,2024-08-11 03:00:00,0.0,0.0,,
3117.0,0,2024-08-11 04:00:00,0.0,0.0,,
3118.0,0,2024-08-11 05:00:00,0.0,0.0,,
3119.0,0,2024-08-11 06:00:00,0.0,0.0,,
3120.0,0,2024-08-11 07:00:00,0.0,0.0,,
3121.0,0,2024-08-11 08:00:00,0.0,0.0,,
3122.0,0,2024-08-11 09:00:00,0.0,0.0,,
3123.0,0,2024-08-11 10:00:00,0.0,0.0,,
3124.0,0,2024-08-11 11:00:00,0.0,0.0,,
3125.0,0,2024-08-11 12:00:00,0.0,0.0,,
3126.0,0,2024-08-11 13:00:00,0.0,0.0,,
3127.0,0,2024-08-11 14:00:00,0.0,0.0,,
3128.0,0,2024-08-11 15:00:00,0.0,0.0,,
3129.0,0,2024-08-11 16:00:00,0.0,0.0,,
3130.0,0,2024-08-11 17:00:00,0.0,0.0,,
3131.0,0,2024-08-11 18:00:00,0.0,0.0,,
3132.0,0,2024-08-11 19:00:00,0.0,0.0,,
3133.0,0,2024-08-11 20:00:00,0.0,0.0,,
3134.0,0,2024-08-11 21:00:00,0.0,0.0,,
3135.0,0,2024-08-11 22:00:00,0.0,0.0,,
3136.0,0,2024-08-11 23:00:00,0.0,0.0,,
3137.0,0,2024-08-12 00:00:00,0.0,0.0,,
3138.0,0,2024-08-12 01:00:00,0.0,0.0,,
3139.0,0,2024-08-12 02:00:00,0.0,0.0,,
3140.0,0,2024-08-12 03:00:00,0.0,0.0,,
3141.0,0,2024-08-12 04:00:00,0.0,0.0,,
3142.0,0,2024-08-12 05:00:00,0.0,0.0,,
3143.0,0,2024-08-12 06:00:00,0.0,0.0,,
3144.0,0,2024-08-12 07:00:00,0.0,0.0,,
3145.0,0,2024-08-12 08:00:00,0.0,0.0,,
3146.0,0,2024-08-12 09:00:00,0.0,4436434.0,bytes,Cloud Pub/Sub
3147.0,0,2024-08-12 10:00:00,0.0,802634.0,bytes,Cloud Pub/Sub
3148.0,0,2024-08-12 11:00:00,0.0,388088.0,bytes,Cloud Pub/Sub
3149.0,0,2024-08-12 12:00:00,0.0,0.0,,
3150.0,0,2024-08-12 13:00:00,0.0,0.0,,
3151.0,0,2024-08-12 14:00:00,0.0,0.0,,
3152.0,0,2024-08-12 15:00:00,0.0,0.0,,
3153.0,0,2024-08-12 16:00:00,0.0,0.0,,
3154.0,0,2024-08-12 17:00:00,0.0,0.0,,
3155.0,0,2024-08-12 18:00:00,0.0,0.0,,
3156.0,0,2024-08-12 19:00:00,0.0,0.0,,
3157.0,0,2024-08-12 20:00:00,0.0,0.0,,
3158.0,0,2024-08-12 21:00:00,0.0,0.0,,
3159.0,0,2024-08-12 22:00:00,0.0,0.0,,
3160.0,0,2024-08-12 23:00:00,0.0,0.0,,
3161.0,0,2024-08-13 00:00:00,0.0,0.0,,
3162.0,0,2024-08-13 01:00:00,0.0,0.0,,
3163.0,0,2024-08-13 02:00:00,0.0,0.0,,
3164.0,0,2024-08-13 03:00:00,0.0,0.0,,
3165.0,0,2024-08-13 04:00:00,0.0,0.0,,
3166.0,0,2024-08-13 05:00:00,0.0,0.0,,
3167.0,0,2024-08-13 06:00:00,0.0,0.0,,
3168.0,0,2024-08-13 07:00:00,0.0,0.0,,
3169.0,0,2024-08-13 08:00:00,0.0,0.0,,
3170.0,0,2024-08-13 09:00:00,0.0,0.0,,
3171.0,0,2024-08-13 10:00:00,0.0,5139316.0,bytes,Cloud Pub/Sub
3172.0,0,2024-08-13 11:00:00,0.0,755965.0,bytes,Cloud Pub/Sub
3173.0,0,2024-08-13 12:00:00,0.0,439998.0,bytes,Cloud Pub/Sub
